time,Consumed,Exported,HWS,Imported,Produced
2019-03-15 00:00:00,659.165,0.0,32.66,420.06,0.05
2019-03-15 00:01:00,677.4,0.0,32.49,422.075,0.035
2019-03-15 00:02:00,683.93,0.0,32.35,421.925,0.03
2019-03-15 00:03:00,675.415,0.0,28.17,409.2,0.025
2019-03-15 00:04:00,704.335,0.0,30.89,424.84,0.02
2019-03-15 00:05:00,710.175,0.0,31.035,436.91,0.02
2019-03-15 00:06:00,709.44,0.0,31.115,446.45,0.02
2019-03-15 00:07:00,699.205,0.0,31.215,426.13,0.02
2019-03-15 00:08:00,693.82,0.0,31.54,429.085,0.02
2019-03-15 00:09:00,673.37,0.0,34.33,427.85,0.02
2019-03-15 00:10:00,641.435,0.0,25.905,409.505,0.02
2019-03-15 00:11:00,636.265,0.0,25.5,413.52,0.02
2019-03-15 00:12:00,643.96,0.0,25.67,437.035,0.0
2019-03-15 00:13:00,637.5,0.0,21.635,436.735,0.0
2019-03-15 00:14:00,642.7,0.0,21.185,439.42,0.0
2019-03-15 00:15:00,637.075,0.0,21.245,438.23,0.0
2019-03-15 00:16:00,616.67,0.0,21.49,427.24,0.0
2019-03-15 00:17:00,558.065,0.0,24.805,389.075,0.0
2019-03-15 00:18:00,555.525,0.0,19.905,397.255,0.0
2019-03-15 00:19:00,569.49,0.0,20.06,396.905,0.0
2019-03-15 00:20:00,567.195,0.0,20.11,394.795,0.0
2019-03-15 00:21:00,598.56,0.0,20.3,406.06,0.0
2019-03-15 00:22:00,604.64,0.0,18.97,415.325,0.0
2019-03-15 00:23:00,599.9,0.0,16.54,401.66,0.0
2019-03-15 00:24:00,604.19,0.0,16.395,387.66,0.0
2019-03-15 00:25:00,602.44,0.0,16.4,391.735,0.0
2019-03-15 00:26:00,621.505,0.0,16.415,405.485,0.0
2019-03-15 00:27:00,630.465,0.0,16.495,422.155,0.0
2019-03-15 00:28:00,640.95,0.0,16.755,430.315,0.0
2019-03-15 00:29:00,626.085,0.0,16.895,427.93,0.0
2019-03-15 00:30:00,614.75,0.0,16.845,417.51,0.0
2019-03-15 00:31:00,640.125,0.0,16.815,430.48,0.0
2019-03-15 00:32:00,614.455,0.0,17.01,415.45,0.0
2019-03-15 00:33:00,606.285,0.0,17.18,419.48,0.0
2019-03-15 00:34:00,596.12,0.0,17.215,406.54,0.0
2019-03-15 00:35:00,582.34,0.0,17.11,403.145,0.0
2019-03-15 00:36:00,577.825,0.0,17.17,411.67,0.0
2019-03-15 00:37:00,585.24,0.0,17.08,429.03,0.0
2019-03-15 00:38:00,597.095,0.0,17.12,429.875,0.0
2019-03-15 00:39:00,574.35,0.0,17.135,409.075,0.0
2019-03-15 00:40:00,555.78,0.0,17.265,389.255,0.0
2019-03-15 00:41:00,554.085,0.0,17.24,388.85,0.0
2019-03-15 00:42:00,543.515,0.0,17.24,377.65,0.0
2019-03-15 00:43:00,525.15,0.0,19.76,364.195,0.0
2019-03-15 00:44:00,517.975,0.0,20.51,353.385,0.0
2019-03-15 00:45:00,567.82,0.0,19.965,412.485,0.0
2019-03-15 00:46:00,644.84,0.0,19.89,472.615,0.0
2019-03-15 00:47:00,697.815,0.0,20.17,530.79,0.0
2019-03-15 00:48:00,731.925,0.0,20.215,552.41,0.0
2019-03-15 00:49:00,735.395,0.0,20.245,549.4,0.0
2019-03-15 00:50:00,731.275,0.0,20.275,546.005,0.0
2019-03-15 00:51:00,710.935,0.0,20.325,545.865,0.0
2019-03-15 00:52:00,720.46,0.0,20.505,546.195,0.0
2019-03-15 00:53:00,728.215,0.0,20.665,544.765,0.0
2019-03-15 00:54:00,769.935,0.0,20.935,539.325,0.0
2019-03-15 00:55:00,856.35,0.0,20.975,572.03,0.0
2019-03-15 00:56:00,1060.845,0.0,20.915,691.12,0.0
2019-03-15 00:57:00,1121.135,0.0,20.94,748.83,0.0
2019-03-15 00:58:00,1102.045,0.0,16.875,730.13,0.0
2019-03-15 00:59:00,1091.14,0.0,16.305,719.895,0.0
2019-03-15 01:00:00,1088.635,0.0,16.235,719.36,0.0
2019-03-15 01:01:00,1047.935,0.0,19.545,685.905,0.0
2019-03-15 01:02:00,1041.73,0.0,19.63,696.69,0.0
2019-03-15 01:03:00,1025.15,0.0,19.745,687.71,0.0
2019-03-15 01:04:00,1027.73,0.0,19.945,688.125,0.0
2019-03-15 01:05:00,1027.9,0.0,20.04,687.48,0.0
2019-03-15 01:06:00,1018.505,0.0,20.19,681.345,0.0
2019-03-15 01:07:00,1027.46,0.0,20.3,677.345,0.0
2019-03-15 01:08:00,1025.975,0.0,17.265,674.595,0.0
2019-03-15 01:09:00,1005.93,0.0,12.01,663.85,0.0
2019-03-15 01:10:00,1013.93,0.0,11.875,665.71,0.0
2019-03-15 01:11:00,996.7,0.0,11.94,662.975,0.0
2019-03-15 01:12:00,972.605,0.0,11.865,656.19,0.0
2019-03-15 01:13:00,967.165,0.0,11.825,653.94,0.0
2019-03-15 01:14:00,965.365,0.0,11.79,652.825,0.0
2019-03-15 01:15:00,965.645,0.0,11.795,651.885,0.0
2019-03-15 01:16:00,954.365,0.0,11.765,642.25,0.0
2019-03-15 01:17:00,951.445,0.0,11.69,643.39,0.0
2019-03-15 01:18:00,947.435,0.0,11.67,639.265,0.0
2019-03-15 01:19:00,948.39,0.0,11.645,641.44,0.0
2019-03-15 01:20:00,944.605,0.0,11.66,637.035,0.0
2019-03-15 01:21:00,927.92,0.0,11.675,624.385,0.0
2019-03-15 01:22:00,968.89,0.0,20.29,639.75,4.495
2019-03-15 01:23:00,949.305,0.0,12.545,639.325,0.745
2019-03-15 01:24:00,947.93,0.0,12.02,642.58,0.12
2019-03-15 01:25:00,934.8,0.0,11.975,623.065,0.065
2019-03-15 01:26:00,867.57,0.0,8.82,560.82,0.045
2019-03-15 01:27:00,858.745,0.0,7.755,552.72,0.035
2019-03-15 01:28:00,806.71,0.0,7.69,500.715,0.025
2019-03-15 01:29:00,795.885,0.0,7.58,492.48,0.02
2019-03-15 01:30:00,792.23,0.0,7.525,488.595,0.0
2019-03-15 01:31:00,791.54,0.0,7.465,489.195,0.0
2019-03-15 01:32:00,791.685,0.0,7.39,490.355,0.0
2019-03-15 01:33:00,789.755,0.0,7.315,489.065,0.0
2019-03-15 01:34:00,788.91,0.0,7.27,489.06,0.0
2019-03-15 01:35:00,795.91,0.0,7.26,490.82,0.0
2019-03-15 01:36:00,798.455,0.0,7.26,493.765,0.0
2019-03-15 01:37:00,755.24,0.0,7.24,467.845,0.0
2019-03-15 01:38:00,650.155,0.0,7.225,369.3,0.0
2019-03-15 01:39:00,643.285,0.0,7.21,368.15,0.0
2019-03-15 01:40:00,639.08,0.0,7.2,365.65,0.0
2019-03-15 01:41:00,653.305,0.0,7.2,379.6,0.0
2019-03-15 01:42:00,655.375,0.0,7.2,379.035,0.0
2019-03-15 01:43:00,654.025,0.0,7.205,378.125,0.0
2019-03-15 01:44:00,654.14,0.0,7.24,379.665,0.0
2019-03-15 01:45:00,651.525,0.0,7.34,377.3,0.0
2019-03-15 01:46:00,650.345,0.0,7.33,375.92,0.0
2019-03-15 01:47:00,656.045,0.0,7.34,382.41,0.0
2019-03-15 01:48:00,654.845,0.0,7.215,380.31,0.0
2019-03-15 01:49:00,645.75,0.0,7.215,368.39,0.0
2019-03-15 01:50:00,598.22,0.0,7.36,370.53,0.0
2019-03-15 01:51:00,546.35,0.0,7.475,370.96,0.0
2019-03-15 01:52:00,483.7,0.0,7.495,370.12,0.0
2019-03-15 01:53:00,490.2,0.0,11.75,362.855,4.47
2019-03-15 01:54:00,465.91,0.0,7.49,347.45,1.49
2019-03-15 01:55:00,462.045,0.0,7.5,346.415,0.135
2019-03-15 01:56:00,470.955,0.0,7.445,344.55,0.07
2019-03-15 01:57:00,469.38,0.0,7.355,343.23,0.045
2019-03-15 01:58:00,465.565,0.0,7.32,338.505,0.035
2019-03-15 01:59:00,483.94,0.0,11.595,338.33,4.44
2019-03-15 02:00:00,454.465,0.0,7.41,333.91,0.195
2019-03-15 02:01:00,450.145,0.0,3.52,328.68,0.08
2019-03-15 02:02:00,451.57,0.0,3.62,328.675,0.05
2019-03-15 02:03:00,449.285,0.0,3.595,331.995,0.035
2019-03-15 02:04:00,443.84,0.0,3.54,332.295,0.03
2019-03-15 02:05:00,439.84,0.0,3.51,329.535,0.025
2019-03-15 02:06:00,459.47,0.0,11.96,333.065,4.42
2019-03-15 02:07:00,440.695,0.0,3.53,331.665,0.165
2019-03-15 02:08:00,384.13,0.0,3.335,281.465,0.075
2019-03-15 02:09:00,381.3,0.0,3.23,271.555,0.05
2019-03-15 02:10:00,378.21,0.0,3.19,270.985,0.035
2019-03-15 02:11:00,376.99,0.0,3.18,272.815,0.03
2019-03-15 02:12:00,375.25,0.0,3.105,271.14,0.025
2019-03-15 02:13:00,376.885,0.0,3.065,273.11,0.02
2019-03-15 02:14:00,379.935,0.0,3.04,275.53,0.0
2019-03-15 02:15:00,378.15,0.0,3.02,274.635,0.0
2019-03-15 02:16:00,377.88,0.0,3.005,276.385,0.0
2019-03-15 02:17:00,377.9,0.0,2.98,276.24,0.0
2019-03-15 02:18:00,378.36,0.0,2.975,275.69,0.0
2019-03-15 02:19:00,378.17,0.0,2.975,274.385,0.0
2019-03-15 02:20:00,378.605,0.0,2.975,275.14,0.0
2019-03-15 02:21:00,380.77,0.0,2.97,277.04,0.0
2019-03-15 02:22:00,379.8,0.0,2.965,275.745,0.0
2019-03-15 02:23:00,378.905,0.0,2.945,275.125,0.0
2019-03-15 02:24:00,379.865,0.0,2.96,276.115,0.0
2019-03-15 02:25:00,389.13,0.0,2.96,287.34,0.0
2019-03-15 02:26:00,390.005,0.0,2.96,288.445,0.0
2019-03-15 02:27:00,391.415,0.0,2.96,288.935,0.0
2019-03-15 02:28:00,390.885,0.0,2.96,290.385,0.0
2019-03-15 02:29:00,387.34,0.0,2.96,288.64,0.0
2019-03-15 02:30:00,387.785,0.0,2.96,289.96,0.0
2019-03-15 02:31:00,389.16,0.0,2.96,288.645,0.0
2019-03-15 02:32:00,388.74,0.0,2.96,287.885,0.0
2019-03-15 02:33:00,389.55,0.0,2.96,291.635,0.0
2019-03-15 02:34:00,394.285,0.0,2.96,293.99,0.0
2019-03-15 02:35:00,394.775,0.0,2.96,293.395,0.0
2019-03-15 02:36:00,379.62,0.0,2.96,278.555,0.0
2019-03-15 02:37:00,402.74,0.0,11.3,281.505,4.465
2019-03-15 02:38:00,380.795,0.0,3.12,278.65,0.16
2019-03-15 02:39:00,382.265,0.0,3.035,279.615,0.075
2019-03-15 02:40:00,386.335,0.0,3.035,282.05,0.05
2019-03-15 02:41:00,387.37,0.0,3.03,282.24,0.035
2019-03-15 02:42:00,383.205,0.0,3.005,279.635,0.03
2019-03-15 02:43:00,380.7,0.0,2.995,277.61,0.025
2019-03-15 02:44:00,377.58,0.0,2.985,273.88,0.02
2019-03-15 02:45:00,379.97,0.0,2.98,275.355,0.0
2019-03-15 02:46:00,382.725,0.0,2.99,277.24,0.0
2019-03-15 02:47:00,383.98,0.0,3.105,282.18,0.0
2019-03-15 02:48:00,384.425,0.0,3.105,280.58,0.0
2019-03-15 02:49:00,386.06,0.0,3.1,280.955,0.0
2019-03-15 02:50:00,386.895,0.0,3.1,283.01,0.0
2019-03-15 02:51:00,385.98,0.0,3.1,281.99,0.0
2019-03-15 02:52:00,386.715,0.0,3.1,282.33,0.0
2019-03-15 02:53:00,385.685,0.0,3.1,283.685,0.0
2019-03-15 02:54:00,386.04,0.0,3.1,281.805,0.0
2019-03-15 02:55:00,381.165,0.0,3.1,280.205,0.0
2019-03-15 02:56:00,380.185,0.0,3.1,279.55,0.0
2019-03-15 02:57:00,386.06,0.0,3.08,285.0,0.0
2019-03-15 02:58:00,389.53,0.0,3.025,286.03,0.0
2019-03-15 02:59:00,390.355,0.0,3.005,286.16,0.0
2019-03-15 03:00:00,389.685,0.0,3.0,285.135,0.0
2019-03-15 03:01:00,385.285,0.0,3.0,283.095,0.0
2019-03-15 03:02:00,377.52,0.0,3.0,277.125,0.0
2019-03-15 03:03:00,378.235,0.0,2.995,277.365,0.0
2019-03-15 03:04:00,377.595,0.0,2.99,278.635,0.0
2019-03-15 03:05:00,376.76,0.0,2.985,277.205,0.0
2019-03-15 03:06:00,374.97,0.0,2.98,276.44,0.0
2019-03-15 03:07:00,373.4,0.0,2.995,276.225,0.0
2019-03-15 03:08:00,373.34,0.0,3.1,275.68,0.0
2019-03-15 03:09:00,373.69,0.0,3.1,274.255,0.0
2019-03-15 03:10:00,371.745,0.0,3.1,274.35,0.0
2019-03-15 03:11:00,371.515,0.0,3.1,273.025,0.0
2019-03-15 03:12:00,371.92,0.0,3.105,273.775,0.0
2019-03-15 03:13:00,374.065,0.0,3.23,276.545,0.0
2019-03-15 03:14:00,387.46,0.0,3.23,291.935,0.0
2019-03-15 03:15:00,384.175,0.0,3.195,289.54,0.0
2019-03-15 03:16:00,381.935,0.0,3.145,287.155,0.0
2019-03-15 03:17:00,382.64,0.0,3.07,287.45,0.0
2019-03-15 03:18:00,380.21,0.0,3.025,285.165,0.0
2019-03-15 03:19:00,381.47,0.0,3.01,284.35,0.0
2019-03-15 03:20:00,381.07,0.0,3.005,283.175,0.0
2019-03-15 03:21:00,383.38,0.0,3.0,281.52,0.0
2019-03-15 03:22:00,385.545,0.0,3.0,284.285,0.0
2019-03-15 03:23:00,385.06,0.0,3.0,283.395,0.0
2019-03-15 03:24:00,388.94,0.0,2.995,287.485,0.0
2019-03-15 03:25:00,390.14,0.0,5.87,290.055,0.0
2019-03-15 03:26:00,390.34,0.0,5.78,287.65,0.0
2019-03-15 03:27:00,375.56,0.0,3.31,272.405,0.0
2019-03-15 03:28:00,374.825,0.0,3.16,270.295,0.0
2019-03-15 03:29:00,374.995,0.0,3.125,268.845,0.0
2019-03-15 03:30:00,388.435,0.0,3.11,279.89,0.0
2019-03-15 03:31:00,411.04,0.0,11.64,279.98,4.455
2019-03-15 03:32:00,386.625,0.0,3.265,278.865,0.175
2019-03-15 03:33:00,382.195,0.0,3.17,274.675,0.08
2019-03-15 03:34:00,380.19,0.0,3.17,272.215,0.05
2019-03-15 03:35:00,380.95,0.0,3.165,273.72,0.035
2019-03-15 03:36:00,379.62,0.0,3.1,271.71,0.03
2019-03-15 03:37:00,380.385,0.0,3.045,273.03,0.025
2019-03-15 03:38:00,379.345,0.0,3.015,270.29,0.02
2019-03-15 03:39:00,378.865,0.0,3.0,271.45,0.0
2019-03-15 03:40:00,379.58,0.0,2.99,274.19,0.0
2019-03-15 03:41:00,379.945,0.0,2.985,274.935,0.0
2019-03-15 03:42:00,376.085,0.0,2.985,269.87,0.0
2019-03-15 03:43:00,375.6,0.0,2.985,272.735,0.0
2019-03-15 03:44:00,371.45,0.0,2.985,268.22,0.0
2019-03-15 03:45:00,371.015,0.0,2.985,269.78,0.0
2019-03-15 03:46:00,372.37,0.0,2.985,271.12,0.0
2019-03-15 03:47:00,371.72,0.0,2.98,272.39,0.0
2019-03-15 03:48:00,369.09,0.0,2.975,272.315,0.0
2019-03-15 03:49:00,371.585,0.0,2.975,271.645,0.0
2019-03-15 03:50:00,368.165,0.0,2.975,270.725,0.0
2019-03-15 03:51:00,367.855,0.0,2.975,270.17,0.0
2019-03-15 03:52:00,382.395,0.0,2.975,284.355,0.0
2019-03-15 03:53:00,379.765,0.0,3.105,281.52,0.0
2019-03-15 03:54:00,378.925,0.0,3.105,281.775,0.0
2019-03-15 03:55:00,381.965,0.0,3.145,282.825,0.0
2019-03-15 03:56:00,383.32,0.0,3.145,280.96,0.0
2019-03-15 03:57:00,381.3,0.0,3.145,281.575,0.0
2019-03-15 03:58:00,382.46,0.0,3.135,281.5,0.0
2019-03-15 03:59:00,382.325,0.0,3.13,282.045,0.0
2019-03-15 04:00:00,381.98,0.0,3.13,283.165,0.0
2019-03-15 04:01:00,386.23,0.0,3.13,286.52,0.0
2019-03-15 04:02:00,386.585,0.0,3.125,287.535,0.0
2019-03-15 04:03:00,374.43,0.0,3.115,275.975,0.0
2019-03-15 04:04:00,376.495,0.0,3.11,276.765,0.0
2019-03-15 04:05:00,377.315,0.0,3.105,275.425,0.0
2019-03-15 04:06:00,376.29,0.0,3.1,276.45,0.0
2019-03-15 04:07:00,381.17,0.0,3.1,277.795,0.0
2019-03-15 04:08:00,377.235,0.0,3.1,274.02,0.0
2019-03-15 04:09:00,374.92,0.0,3.04,271.33,0.0
2019-03-15 04:10:00,374.295,0.0,3.04,269.22,0.0
2019-03-15 04:11:00,376.54,0.0,3.03,272.535,0.0
2019-03-15 04:12:00,375.54,0.0,3.005,272.805,0.0
2019-03-15 04:13:00,372.175,0.0,2.98,269.37,0.0
2019-03-15 04:14:00,373.355,0.0,2.97,270.25,0.0
2019-03-15 04:15:00,372.75,0.0,2.965,268.01,0.0
2019-03-15 04:16:00,373.245,0.0,2.96,268.425,0.0
2019-03-15 04:17:00,372.07,0.0,2.975,268.66,0.0
2019-03-15 04:18:00,372.55,0.0,2.975,269.515,0.0
2019-03-15 04:19:00,371.115,0.0,2.975,268.68,0.0
2019-03-15 04:20:00,372.205,0.0,2.975,268.125,0.0
2019-03-15 04:21:00,373.36,0.0,2.975,269.915,0.0
2019-03-15 04:22:00,373.465,0.0,2.975,271.4,0.0
2019-03-15 04:23:00,374.975,0.0,2.975,272.295,0.0
2019-03-15 04:24:00,374.01,0.0,2.975,273.56,0.0
2019-03-15 04:25:00,372.945,0.0,2.975,274.805,0.0
2019-03-15 04:26:00,373.945,0.0,2.975,276.565,0.0
2019-03-15 04:27:00,373.175,0.0,2.975,277.07,0.0
2019-03-15 04:28:00,374.165,0.0,2.975,279.885,0.0
2019-03-15 04:29:00,378.475,0.0,2.975,284.505,0.0
2019-03-15 04:30:00,380.41,0.0,2.975,284.27,0.0
2019-03-15 04:31:00,380.575,0.0,2.975,284.035,0.0
2019-03-15 04:32:00,377.8,0.0,2.975,280.68,0.0
2019-03-15 04:33:00,376.415,0.0,2.975,281.165,0.0
2019-03-15 04:34:00,378.29,0.0,2.975,279.81,0.0
2019-03-15 04:35:00,378.005,0.0,2.975,277.5,0.0
2019-03-15 04:36:00,382.075,0.0,2.975,281.615,0.0
2019-03-15 04:37:00,385.305,0.0,2.985,286.835,0.0
2019-03-15 04:38:00,393.345,0.0,3.11,292.765,0.0
2019-03-15 04:39:00,391.59,0.0,3.11,290.815,0.0
2019-03-15 04:40:00,394.885,0.0,3.105,298.295,0.0
2019-03-15 04:41:00,399.595,0.0,3.105,299.315,0.0
2019-03-15 04:42:00,398.345,0.0,3.105,298.885,0.0
2019-03-15 04:43:00,398.72,0.0,3.09,292.31,0.0
2019-03-15 04:44:00,402.2,0.0,3.1,293.88,0.0
2019-03-15 04:45:00,412.64,0.0,3.17,292.87,0.235
2019-03-15 04:46:00,404.715,0.0,3.31,293.745,0.465
2019-03-15 04:47:00,397.24,0.0,3.325,290.77,0.465
2019-03-15 04:48:00,395.145,0.0,3.3,286.115,0.465
2019-03-15 04:49:00,417.22,0.0,3.265,302.19,0.46
2019-03-15 04:50:00,406.525,0.0,3.23,324.31,0.46
2019-03-15 04:51:00,421.03,0.0,3.2,334.55,0.465
2019-03-15 04:52:00,416.94,0.0,3.16,332.15,0.465
2019-03-15 04:53:00,392.865,0.0,3.14,307.97,0.46
2019-03-15 04:54:00,405.335,0.0,3.12,313.57,0.46
2019-03-15 04:55:00,399.61,0.0,3.195,310.05,0.545
2019-03-15 04:56:00,393.595,0.0,3.15,302.025,0.605
2019-03-15 04:57:00,396.415,0.0,3.09,301.17,0.6
2019-03-15 04:58:00,397.13,0.0,3.035,297.325,0.585
2019-03-15 04:59:00,398.345,0.0,3.005,296.375,0.78
2019-03-15 05:00:00,395.56,0.0,2.985,295.375,0.78
2019-03-15 05:01:00,386.98,0.0,2.97,291.665,0.775
2019-03-15 05:02:00,374.345,0.0,2.985,280.18,0.77
2019-03-15 05:03:00,371.055,0.0,3.09,278.615,0.77
2019-03-15 05:04:00,371.465,0.0,3.135,281.505,0.75
2019-03-15 05:05:00,367.205,0.0,3.19,278.51,0.61
2019-03-15 05:06:00,368.575,0.0,3.135,275.375,0.595
2019-03-15 05:07:00,377.545,0.0,3.165,280.765,0.595
2019-03-15 05:08:00,377.405,0.0,3.145,283.56,0.6
2019-03-15 05:09:00,377.765,0.0,3.12,279.16,0.62
2019-03-15 05:10:00,376.51,0.0,3.115,279.31,0.625
2019-03-15 05:11:00,375.64,0.0,3.04,278.44,0.63
2019-03-15 05:12:00,376.485,0.0,3.035,280.565,0.63
2019-03-15 05:13:00,375.96,0.0,3.025,281.425,0.63
2019-03-15 05:14:00,378.39,0.0,3.025,281.63,0.635
2019-03-15 05:15:00,376.805,0.0,3.045,278.08,0.635
2019-03-15 05:16:00,376.88,0.0,3.03,279.06,0.63
2019-03-15 05:17:00,379.0,0.0,3.025,278.125,0.63
2019-03-15 05:18:00,379.875,0.0,3.05,277.635,0.63
2019-03-15 05:19:00,380.175,0.0,3.045,277.175,0.62
2019-03-15 05:20:00,380.59,0.0,3.04,276.71,0.62
2019-03-15 05:21:00,382.25,0.0,3.04,276.355,0.62
2019-03-15 05:22:00,391.765,0.0,3.045,282.475,0.62
2019-03-15 05:23:00,383.135,0.0,3.1,281.385,0.625
2019-03-15 05:24:00,381.68,0.0,3.085,278.44,0.63
2019-03-15 05:25:00,405.375,0.0,11.535,277.985,5.215
2019-03-15 05:26:00,387.865,0.0,4.175,281.9,1.82
2019-03-15 05:27:00,386.51,0.0,3.185,284.645,0.85
2019-03-15 05:28:00,386.82,0.0,3.12,284.94,0.79
2019-03-15 05:29:00,389.59,0.0,3.135,288.105,0.755
2019-03-15 05:30:00,389.925,0.0,3.245,294.505,0.745
2019-03-15 05:31:00,392.17,0.0,3.27,294.39,0.725
2019-03-15 05:32:00,391.305,0.0,3.205,293.93,0.735
2019-03-15 05:33:00,403.17,0.0,3.175,308.02,0.715
2019-03-15 05:34:00,402.46,0.0,3.14,305.8,0.87
2019-03-15 05:35:00,390.24,0.0,3.085,293.775,0.87
2019-03-15 05:36:00,390.865,0.0,3.055,295.975,0.87
2019-03-15 05:37:00,390.54,0.0,3.025,295.02,0.87
2019-03-15 05:38:00,391.335,0.0,3.015,294.28,0.89
2019-03-15 05:39:00,391.0,0.0,3.01,294.95,1.405
2019-03-15 05:40:00,396.385,0.0,2.99,295.69,1.635
2019-03-15 05:41:00,392.345,0.0,3.005,294.74,1.66
2019-03-15 05:42:00,391.42,0.0,3.005,295.78,2.055
2019-03-15 05:43:00,389.21,0.0,3.0,292.325,2.29
2019-03-15 05:44:00,388.015,0.0,2.995,288.68,2.735
2019-03-15 05:45:00,396.805,0.0,3.02,297.495,3.175
2019-03-15 05:46:00,397.47,0.0,3.165,298.725,3.68
2019-03-15 05:47:00,395.525,0.0,3.27,292.48,4.095
2019-03-15 05:48:00,389.585,0.0,3.38,290.515,4.7
2019-03-15 05:49:00,393.82,0.0,3.39,294.19,5.365
2019-03-15 05:50:00,393.01,0.0,3.58,294.605,5.695
2019-03-15 05:51:00,393.47,0.0,3.55,293.755,6.625
2019-03-15 05:52:00,393.01,0.0,6.185,293.025,7.39
2019-03-15 05:53:00,392.775,0.0,4.675,291.46,8.36
2019-03-15 05:54:00,403.51,0.0,3.745,302.05,10.135
2019-03-15 05:55:00,401.07,0.0,3.595,296.4,10.63
2019-03-15 05:56:00,413.66,0.0,3.495,306.26,13.09
2019-03-15 05:57:00,406.12,0.0,3.41,298.355,15.73
2019-03-15 05:58:00,401.075,0.0,3.43,289.01,17.645
2019-03-15 05:59:00,404.24,0.0,3.525,285.83,18.79
2019-03-15 06:00:00,399.91,0.0,3.58,277.63,20.27
2019-03-15 06:01:00,390.615,0.0,3.55,273.02,21.09
2019-03-15 06:02:00,389.095,0.0,3.465,271.91,22.025
2019-03-15 06:03:00,390.145,0.0,3.425,273.93,23.92
2019-03-15 06:04:00,394.87,0.0,3.355,261.37,25.13
2019-03-15 06:05:00,404.355,0.0,3.345,266.44,26.69
2019-03-15 06:06:00,426.805,0.0,11.89,263.955,32.205
2019-03-15 06:07:00,418.35,0.02,3.83,266.99,30.775
2019-03-15 06:08:00,430.095,0.05,3.77,275.87,32.585
2019-03-15 06:09:00,481.1,0.05,12.115,298.49,39.765
2019-03-15 06:10:00,433.4,0.05,4.8,285.535,39.225
2019-03-15 06:11:00,412.615,0.01,3.875,269.69,41.54
2019-03-15 06:12:00,407.145,0.185,3.905,262.715,44.61
2019-03-15 06:13:00,423.445,0.185,3.855,281.69,47.915
2019-03-15 06:14:00,425.605,0.265,3.86,275.545,50.86
2019-03-15 06:15:00,404.545,0.27,3.795,260.115,53.515
2019-03-15 06:16:00,407.815,0.11,3.7,258.405,56.265
2019-03-15 06:17:00,421.68,0.0,12.37,248.56,64.43
2019-03-15 06:18:00,401.58,0.155,4.09,247.555,62.82
2019-03-15 06:19:00,409.82,0.105,3.865,254.115,66.29
2019-03-15 06:20:00,407.33,0.185,4.01,245.805,69.82
2019-03-15 06:21:00,405.645,0.37,4.01,241.57,73.58
2019-03-15 06:22:00,412.265,0.41,4.055,240.035,76.63
2019-03-15 06:23:00,411.85,0.5,4.005,242.785,80.9
2019-03-15 06:24:00,409.855,0.63,3.945,233.515,84.72
2019-03-15 06:25:00,422.475,0.645,3.89,232.85,86.71
2019-03-15 06:26:00,417.09,0.635,3.88,235.055,90.61
2019-03-15 06:27:00,420.96,0.665,4.085,236.275,95.205
2019-03-15 06:28:00,429.425,1.005,4.16,235.715,99.89
2019-03-15 06:29:00,445.82,1.385,12.875,233.53,108.34
2019-03-15 06:30:00,410.895,1.475,4.885,214.955,106.785
2019-03-15 06:31:00,405.18,1.69,4.51,214.525,111.025
2019-03-15 06:32:00,410.075,2.39,4.405,214.205,117.115
2019-03-15 06:33:00,390.34,2.69,4.295,191.95,123.485
2019-03-15 06:34:00,390.93,3.09,4.455,182.275,128.145
2019-03-15 06:35:00,407.095,3.95,4.46,191.42,132.895
2019-03-15 06:36:00,426.685,5.06,4.345,210.66,138.73
2019-03-15 06:37:00,423.465,5.205,4.23,203.99,141.57
2019-03-15 06:38:00,417.68,6.15,4.4,195.285,146.995
2019-03-15 06:39:00,423.965,6.97,4.445,193.995,152.395
2019-03-15 06:40:00,421.66,6.62,4.48,187.015,156.08
2019-03-15 06:41:00,439.095,10.795,4.41,189.945,162.03
2019-03-15 06:42:00,434.07,13.51,4.395,189.76,167.245
2019-03-15 06:43:00,472.785,14.43,4.38,187.855,175.055
2019-03-15 06:44:00,503.615,15.96,4.515,214.81,181.65
2019-03-15 06:45:00,488.975,15.98,4.53,200.12,187.73
2019-03-15 06:46:00,508.92,15.08,4.395,204.055,190.31
2019-03-15 06:47:00,503.885,17.235,7.1,196.24,195.61
2019-03-15 06:48:00,486.03,17.87,7.17,181.495,199.125
2019-03-15 06:49:00,469.925,19.885,4.595,159.92,204.93
2019-03-15 06:50:00,454.95,24.365,4.705,148.085,212.86
2019-03-15 06:51:00,456.54,26.735,4.625,147.275,220.535
2019-03-15 06:52:00,459.595,29.865,4.55,147.705,227.77
2019-03-15 06:53:00,464.465,30.53,4.595,143.725,232.875
2019-03-15 06:54:00,464.355,32.88,4.645,145.225,240.545
2019-03-15 06:55:00,459.17,34.995,4.705,133.14,245.92
2019-03-15 06:56:00,474.62,39.465,4.595,137.975,253.015
2019-03-15 06:57:00,470.065,42.68,4.69,134.41,258.825
2019-03-15 06:58:00,454.15,44.34,4.78,119.64,263.155
2019-03-15 06:59:00,461.4,44.37,4.83,121.935,269.885
2019-03-15 07:00:00,445.585,44.54,4.945,107.855,274.8
2019-03-15 07:01:00,455.25,47.505,5.0,127.675,283.945
2019-03-15 07:02:00,443.855,50.955,4.965,107.2,290.85
2019-03-15 07:03:00,470.37,58.27,4.79,108.985,301.95
2019-03-15 07:04:00,460.735,62.65,4.77,108.84,310.425
2019-03-15 07:05:00,450.725,65.65,4.69,101.395,316.485
2019-03-15 07:06:00,447.745,66.675,4.62,97.05,322.495
2019-03-15 07:07:00,492.43,70.24,4.63,104.215,331.505
2019-03-15 07:08:00,482.165,69.89,4.585,88.53,334.445
2019-03-15 07:09:00,497.205,77.36,4.88,87.19,341.29
2019-03-15 07:10:00,493.265,79.88,4.99,93.585,348.655
2019-03-15 07:11:00,504.505,80.95,5.095,102.49,353.53
2019-03-15 07:12:00,541.985,89.225,11.795,115.87,368.425
2019-03-15 07:13:00,518.585,91.44,8.065,123.12,368.005
2019-03-15 07:14:00,505.95,96.555,5.455,114.665,375.89
2019-03-15 07:15:00,636.15,99.7,4.91,235.3,385.495
2019-03-15 07:16:00,808.105,91.01,4.865,307.085,396.535
2019-03-15 07:17:00,965.24,74.53,4.755,357.11,401.725
2019-03-15 07:18:00,1070.655,65.425,5.05,405.7,406.05
2019-03-15 07:19:00,1077.47,57.295,5.075,455.28,411.49
2019-03-15 07:20:00,1054.97,57.53,5.195,446.38,415.995
2019-03-15 07:21:00,1059.085,64.015,5.32,428.34,427.58
2019-03-15 07:22:00,1030.605,84.795,5.295,404.925,431.665
2019-03-15 07:23:00,790.875,112.685,5.34,253.875,435.48
2019-03-15 07:24:00,714.81,134.165,5.185,122.565,448.185
2019-03-15 07:25:00,874.91,141.81,5.24,143.795,455.76
2019-03-15 07:26:00,1388.245,132.335,5.315,389.22,461.78
2019-03-15 07:27:00,1426.965,85.425,5.26,467.93,470.145
2019-03-15 07:28:00,1412.79,81.88,5.225,479.705,470.87
2019-03-15 07:29:00,1398.555,85.115,5.41,483.32,472.655
2019-03-15 07:30:00,1457.045,85.085,5.27,485.155,479.14
2019-03-15 07:31:00,1424.455,79.625,7.985,485.28,490.32
2019-03-15 07:32:00,1302.44,88.94,8.395,490.575,494.065
2019-03-15 07:33:00,1079.355,148.43,8.495,417.09,502.85
2019-03-15 07:34:00,579.565,177.37,8.65,179.845,507.68
2019-03-15 07:35:00,541.23,181.63,8.755,154.665,511.74
2019-03-15 07:36:00,566.375,189.2,9.085,156.58,522.18
2019-03-15 07:37:00,595.575,194.175,12.045,161.385,527.045
2019-03-15 07:38:00,636.925,188.255,12.385,208.5,529.765
2019-03-15 07:39:00,628.705,194.005,12.83,211.05,535.37
2019-03-15 07:40:00,606.685,207.51,13.26,187.28,550.275
2019-03-15 07:41:00,542.425,219.505,13.485,136.895,551.185
2019-03-15 07:42:00,512.465,223.38,13.505,133.42,552.905
2019-03-15 07:43:00,546.03,228.25,13.96,138.515,567.16
2019-03-15 07:44:00,586.04,237.76,14.7,168.93,582.78
2019-03-15 07:45:00,593.275,236.845,14.89,189.505,589.465
2019-03-15 07:46:00,582.115,230.745,14.91,183.95,585.18
2019-03-15 07:47:00,579.795,245.07,14.91,173.34,589.005
2019-03-15 07:48:00,586.855,246.28,14.945,193.28,597.515
2019-03-15 07:49:00,572.55,255.98,15.03,183.375,611.33
2019-03-15 07:50:00,579.195,261.96,18.185,186.44,621.265
2019-03-15 07:51:00,598.98,271.67,18.5,179.72,628.45
2019-03-15 07:52:00,634.52,276.79,18.345,192.37,639.56
2019-03-15 07:53:00,638.82,276.645,18.835,164.09,655.805
2019-03-15 07:54:00,649.825,277.19,19.49,150.105,659.03
2019-03-15 07:55:00,664.89,273.56,19.76,159.675,658.37
2019-03-15 07:56:00,649.96,288.835,20.065,169.35,665.26
2019-03-15 07:57:00,644.945,291.055,20.19,203.4,668.4
2019-03-15 07:58:00,604.38,294.48,23.22,168.735,670.14
2019-03-15 07:59:00,648.52,297.805,23.88,174.875,681.275
2019-03-15 08:00:00,710.495,312.595,24.05,170.345,700.615
2019-03-15 08:01:00,665.585,319.1,24.74,180.055,703.22
2019-03-15 08:02:00,657.27,336.875,25.225,186.6,718.955
2019-03-15 08:03:00,646.08,333.675,25.62,159.99,730.765
2019-03-15 08:04:00,639.495,343.29,26.385,173.865,734.015
2019-03-15 08:05:00,610.83,340.05,27.155,143.75,726.735
2019-03-15 08:06:00,675.185,350.845,27.39,160.435,747.255
2019-03-15 08:07:00,726.745,352.455,27.24,175.795,759.3
2019-03-15 08:08:00,724.895,361.94,27.305,179.995,771.69
2019-03-15 08:09:00,665.015,378.905,26.95,152.48,789.115
2019-03-15 08:10:00,734.275,390.42,26.74,176.395,807.83
2019-03-15 08:11:00,700.385,388.6,26.92,165.745,811.095
2019-03-15 08:12:00,749.9,398.055,27.265,163.31,814.115
2019-03-15 08:13:00,715.335,404.975,27.6,162.725,811.705
2019-03-15 08:14:00,712.54,403.355,28.235,156.46,822.05
2019-03-15 08:15:00,711.23,402.865,29.36,142.425,829.0
2019-03-15 08:16:00,723.985,413.32,29.96,166.465,841.82
2019-03-15 08:17:00,753.68,426.48,30.335,144.89,848.725
2019-03-15 08:18:00,767.525,431.115,30.945,145.635,854.155
2019-03-15 08:19:00,764.22,431.56,31.385,161.065,852.01
2019-03-15 08:20:00,727.05,451.88,31.6,171.725,867.95
2019-03-15 08:21:00,727.62,454.92,31.61,155.405,876.17
2019-03-15 08:22:00,754.7,444.91,31.515,194.99,878.145
2019-03-15 08:23:00,741.215,466.105,31.695,166.785,899.39
2019-03-15 08:24:00,736.095,471.165,40.905,131.135,909.41
2019-03-15 08:25:00,735.975,476.725,32.92,144.03,928.105
2019-03-15 08:26:00,750.965,477.32,33.01,157.14,931.395
2019-03-15 08:27:00,764.9,456.825,33.185,164.465,923.25
2019-03-15 08:28:00,839.305,469.15,33.555,196.815,929.735
2019-03-15 08:29:00,866.315,473.29,33.585,214.455,938.565
2019-03-15 08:30:00,837.37,477.91,34.38,202.045,937.84
2019-03-15 08:31:00,756.945,489.28,34.2,182.395,937.465
2019-03-15 08:32:00,735.915,492.115,34.66,173.66,950.79
2019-03-15 08:33:00,737.585,492.295,34.895,146.58,951.73
2019-03-15 08:34:00,732.9,509.29,35.01,163.765,958.395
2019-03-15 08:35:00,712.75,522.25,34.87,136.725,979.575
2019-03-15 08:36:00,752.54,513.67,35.115,175.095,966.6
2019-03-15 08:37:00,764.305,523.62,35.9,181.28,994.59
2019-03-15 08:38:00,776.665,531.26,36.235,158.12,1002.905
2019-03-15 08:39:00,749.07,543.68,36.17,150.28,1009.24
2019-03-15 08:40:00,740.14,531.48,35.97,190.025,988.84
2019-03-15 08:41:00,768.48,521.72,36.175,205.325,993.105
2019-03-15 08:42:00,782.155,529.01,36.68,194.775,994.175
2019-03-15 08:43:00,698.845,552.075,37.745,153.61,1006.905
2019-03-15 08:44:00,668.575,556.855,38.45,133.25,1016.335
2019-03-15 08:45:00,714.37,548.785,38.37,155.155,1013.615
2019-03-15 08:46:00,738.925,565.62,37.905,176.765,1010.975
2019-03-15 08:47:00,758.33,567.23,37.86,172.5,1022.225
2019-03-15 08:48:00,713.77,570.63,34.865,177.345,1020.775
2019-03-15 08:49:00,689.215,575.2,33.865,167.495,1026.08
2019-03-15 08:50:00,692.04,594.975,33.695,171.68,1033.64
2019-03-15 08:51:00,689.79,586.275,33.725,170.25,1053.285
2019-03-15 08:52:00,647.46,608.94,33.575,146.225,1067.86
2019-03-15 08:53:00,679.86,636.285,33.62,172.765,1072.235
2019-03-15 08:54:00,656.995,634.985,29.12,204.17,1079.99
2019-03-15 08:55:00,623.03,642.995,29.185,158.92,1085.98
2019-03-15 08:56:00,618.61,655.97,29.41,153.495,1088.99
2019-03-15 08:57:00,601.135,654.875,29.955,137.35,1099.255
2019-03-15 08:58:00,625.97,651.615,30.265,153.88,1091.4
2019-03-15 08:59:00,652.71,659.96,30.085,149.33,1094.71
2019-03-15 09:00:00,645.44,664.665,29.9,142.58,1107.69
2019-03-15 09:01:00,608.12,662.55,30.085,139.765,1099.945
2019-03-15 09:02:00,574.235,672.49,29.915,132.195,1100.09
2019-03-15 09:03:00,613.945,684.315,29.75,135.55,1117.18
2019-03-15 09:04:00,639.99,686.37,29.885,151.235,1128.095
2019-03-15 09:05:00,629.395,664.41,30.065,146.29,1102.13
2019-03-15 09:06:00,618.97,669.61,30.625,144.76,1108.305
2019-03-15 09:07:00,688.725,678.455,26.97,133.05,1122.3
2019-03-15 09:08:00,707.545,681.655,26.87,143.975,1130.765
2019-03-15 09:09:00,707.255,671.055,27.07,160.955,1123.8
2019-03-15 09:10:00,689.545,688.395,26.705,161.195,1154.87
2019-03-15 09:11:00,702.315,690.17,26.215,187.06,1133.035
2019-03-15 09:12:00,654.42,681.49,26.17,156.69,1141.16
2019-03-15 09:13:00,698.145,700.75,26.01,159.825,1156.86
2019-03-15 09:14:00,689.8,708.505,26.125,159.44,1169.105
2019-03-15 09:15:00,662.025,709.865,22.04,138.84,1169.77
2019-03-15 09:16:00,644.65,739.125,21.925,143.21,1176.755
2019-03-15 09:17:00,602.78,720.175,22.13,145.96,1156.145
2019-03-15 09:18:00,607.64,734.15,22.075,149.395,1170.145
2019-03-15 09:19:00,658.185,740.205,22.34,147.65,1175.75
2019-03-15 09:20:00,658.57,726.15,22.56,147.575,1168.11
2019-03-15 09:21:00,664.545,700.905,22.615,164.715,1159.725
2019-03-15 09:22:00,691.205,727.145,22.56,165.245,1182.885
2019-03-15 09:23:00,679.95,738.955,22.4,170.065,1191.88
2019-03-15 09:24:00,750.415,715.9,22.64,206.085,1191.0
2019-03-15 09:25:00,709.81,727.09,22.705,182.2,1199.97
2019-03-15 09:26:00,652.975,759.615,22.645,162.455,1219.055
2019-03-15 09:27:00,634.475,761.37,23.035,163.78,1220.93
2019-03-15 09:28:00,643.25,754.3,31.04,150.16,1213.325
2019-03-15 09:29:00,616.145,765.255,25.285,139.695,1227.955
2019-03-15 09:30:00,650.455,767.49,23.13,152.48,1214.295
2019-03-15 09:31:00,628.385,764.38,22.855,156.4,1212.185
2019-03-15 09:32:00,610.27,757.865,22.69,147.52,1199.685
2019-03-15 09:33:00,625.335,752.275,22.67,145.745,1199.395
2019-03-15 09:34:00,641.31,767.05,30.675,143.055,1211.99
2019-03-15 09:35:00,604.49,784.25,22.585,142.47,1221.565
2019-03-15 09:36:00,577.335,799.94,22.575,142.005,1223.6
2019-03-15 09:37:00,546.465,786.4,25.39,149.2,1211.39
2019-03-15 09:38:00,595.515,797.525,25.625,174.39,1221.28
2019-03-15 09:39:00,702.16,822.385,22.34,234.83,1243.22
2019-03-15 09:40:00,773.95,781.815,30.405,276.28,1229.19
2019-03-15 09:41:00,700.585,824.595,22.045,232.445,1252.74
2019-03-15 09:42:00,625.805,830.545,22.03,210.405,1261.915
2019-03-15 09:43:00,637.38,815.97,22.045,203.175,1271.345
2019-03-15 09:44:00,654.21,802.405,22.21,238.945,1277.26
2019-03-15 09:45:00,703.98,834.47,21.96,248.19,1292.655
2019-03-15 09:46:00,685.67,813.145,21.9,223.575,1276.72
2019-03-15 09:47:00,701.135,821.38,21.85,205.01,1258.26
2019-03-15 09:48:00,714.83,819.335,21.72,213.62,1278.47
2019-03-15 09:49:00,673.38,807.995,22.06,200.53,1271.895
2019-03-15 09:50:00,678.86,840.795,22.225,201.45,1281.5
2019-03-15 09:51:00,698.375,848.58,30.635,182.74,1302.395
2019-03-15 09:52:00,648.87,846.525,22.425,187.695,1300.895
2019-03-15 09:53:00,639.88,847.23,22.5,191.92,1298.29
2019-03-15 09:54:00,650.675,848.79,22.56,206.175,1301.555
2019-03-15 09:55:00,629.28,872.21,22.315,221.8,1315.15
2019-03-15 09:56:00,611.5,879.635,22.005,192.83,1325.95
2019-03-15 09:57:00,602.28,904.73,21.84,169.165,1342.505
2019-03-15 09:58:00,582.51,887.895,21.715,173.765,1340.63
2019-03-15 09:59:00,608.51,909.98,21.995,158.28,1354.595
2019-03-15 10:00:00,656.965,915.94,30.62,178.09,1361.095
2019-03-15 10:01:00,693.825,923.55,23.36,200.775,1377.835
2019-03-15 10:02:00,632.345,896.405,22.545,164.6,1369.67
2019-03-15 10:03:00,675.805,892.325,22.68,169.94,1360.525
2019-03-15 10:04:00,669.245,898.05,22.77,208.545,1359.315
2019-03-15 10:05:00,680.66,885.84,22.795,215.955,1348.65
2019-03-15 10:06:00,672.15,879.235,25.98,210.645,1357.195
2019-03-15 10:07:00,628.225,867.76,26.275,176.1,1347.39
2019-03-15 10:08:00,627.545,904.8,29.22,185.665,1369.32
2019-03-15 10:09:00,636.58,915.255,32.01,185.365,1382.235
2019-03-15 10:10:00,652.285,920.665,32.72,174.72,1376.325
2019-03-15 10:11:00,636.57,933.68,33.59,177.48,1391.865
2019-03-15 10:12:00,644.44,913.32,34.365,194.155,1389.045
2019-03-15 10:13:00,653.42,935.46,34.705,195.255,1398.275
2019-03-15 10:14:00,652.665,930.52,34.965,195.245,1400.49
2019-03-15 10:15:00,649.485,938.27,35.15,173.775,1410.25
2019-03-15 10:16:00,634.58,944.1,35.575,174.06,1411.78
2019-03-15 10:17:00,635.11,940.205,35.86,180.905,1401.52
2019-03-15 10:18:00,633.815,940.82,36.16,198.095,1407.685
2019-03-15 10:19:00,669.305,951.35,36.665,202.225,1413.23
2019-03-15 10:20:00,686.37,967.595,37.195,187.72,1430.97
2019-03-15 10:21:00,659.52,940.48,37.435,178.17,1415.865
2019-03-15 10:22:00,650.12,962.69,37.475,170.76,1426.79
2019-03-15 10:23:00,628.18,958.27,37.63,178.825,1414.855
2019-03-15 10:24:00,653.825,936.92,37.535,196.31,1412.4
2019-03-15 10:25:00,670.705,936.855,38.06,190.995,1400.9
2019-03-15 10:26:00,629.99,941.575,38.535,188.465,1400.35
2019-03-15 10:27:00,681.395,951.97,38.45,183.345,1397.895
2019-03-15 10:28:00,611.455,974.225,38.41,195.03,1414.96
2019-03-15 10:29:00,620.265,966.6,38.355,191.02,1413.13
2019-03-15 10:30:00,583.755,987.46,37.775,184.355,1433.07
2019-03-15 10:31:00,558.45,998.025,37.76,181.48,1437.345
2019-03-15 10:32:00,563.265,997.075,37.7,188.8,1441.22
2019-03-15 10:33:00,595.03,1019.75,37.885,183.59,1455.99
2019-03-15 10:34:00,573.455,1001.885,37.86,163.88,1443.365
2019-03-15 10:35:00,601.32,1027.945,37.705,195.435,1465.32
2019-03-15 10:36:00,575.65,1022.365,38.095,188.3,1456.44
2019-03-15 10:37:00,590.815,1001.48,38.22,196.18,1445.59
2019-03-15 10:38:00,569.465,1023.105,38.13,192.345,1454.54
2019-03-15 10:39:00,568.27,1027.785,38.255,178.51,1455.285
2019-03-15 10:40:00,563.45,1011.89,38.385,187.725,1452.25
2019-03-15 10:41:00,599.29,1010.735,33.595,193.59,1456.115
2019-03-15 10:42:00,585.05,1042.38,33.53,195.56,1482.58
2019-03-15 10:43:00,586.99,1027.66,33.47,196.025,1476.005
2019-03-15 10:44:00,572.365,1030.22,33.81,204.585,1468.975
2019-03-15 10:45:00,534.615,1039.07,33.78,193.31,1472.48
2019-03-15 10:46:00,582.865,1030.255,28.81,204.73,1467.535
2019-03-15 10:47:00,582.325,1036.32,36.78,196.915,1480.4
2019-03-15 10:48:00,618.01,1039.95,32.655,205.665,1486.775
2019-03-15 10:49:00,607.075,1041.29,28.42,214.445,1487.745
2019-03-15 10:50:00,587.105,1029.68,28.045,199.79,1486.615
2019-03-15 10:51:00,602.91,1040.835,27.92,189.32,1491.755
2019-03-15 10:52:00,590.375,1046.89,27.725,181.455,1494.215
2019-03-15 10:53:00,589.13,1067.625,23.02,173.295,1494.89
2019-03-15 10:54:00,571.43,1056.515,22.835,187.71,1494.95
2019-03-15 10:55:00,583.605,1051.695,22.875,183.365,1497.27
2019-03-15 10:56:00,600.18,1060.005,22.645,197.75,1496.375
2019-03-15 10:57:00,627.375,1034.555,22.815,214.805,1482.745
2019-03-15 10:58:00,619.415,1029.805,22.75,197.675,1489.085
2019-03-15 10:59:00,605.345,1050.01,22.72,207.655,1501.1
2019-03-15 11:00:00,602.615,1055.24,22.925,178.895,1504.88
2019-03-15 11:01:00,605.78,1070.005,23.285,163.2,1514.1
2019-03-15 11:02:00,609.63,1052.185,23.25,166.08,1501.775
2019-03-15 11:03:00,594.42,1044.4,23.0,175.315,1504.195
2019-03-15 11:04:00,593.62,1072.33,22.915,183.985,1506.505
2019-03-15 11:05:00,566.4,1068.4,23.385,184.985,1495.765
2019-03-15 11:06:00,561.83,1055.34,23.175,177.095,1480.56
2019-03-15 11:07:00,577.11,1070.41,22.955,171.47,1503.715
2019-03-15 11:08:00,585.77,1055.825,22.67,194.98,1496.34
2019-03-15 11:09:00,583.45,1050.505,22.635,188.085,1498.34
2019-03-15 11:10:00,606.345,1053.7,22.595,198.655,1489.8
2019-03-15 11:11:00,545.975,1066.145,22.87,185.9,1502.665
2019-03-15 11:12:00,596.065,1062.56,22.965,171.59,1484.68
2019-03-15 11:13:00,593.69,1063.335,22.93,171.85,1495.81
2019-03-15 11:14:00,632.485,1058.41,22.665,241.93,1502.955
2019-03-15 11:15:00,659.86,1062.215,23.04,212.785,1515.9
2019-03-15 11:16:00,606.045,1083.065,23.11,191.765,1518.535
2019-03-15 11:17:00,631.155,1075.72,23.15,231.135,1510.14
2019-03-15 11:18:00,586.425,1082.54,23.32,221.515,1519.435
2019-03-15 11:19:00,617.075,1080.085,23.385,214.12,1514.66
2019-03-15 11:20:00,589.45,1086.665,23.25,192.015,1522.975
2019-03-15 11:21:00,626.45,1075.65,23.375,258.43,1514.605
2019-03-15 11:22:00,630.825,1051.795,23.525,213.75,1511.075
2019-03-15 11:23:00,643.06,1036.71,23.59,218.5,1507.365
2019-03-15 11:24:00,657.085,1043.18,23.36,234.785,1505.015
2019-03-15 11:25:00,643.535,1030.89,23.42,189.285,1498.655
2019-03-15 11:26:00,666.1,1027.275,23.65,251.2,1491.98
2019-03-15 11:27:00,680.76,1028.785,23.61,239.62,1487.82
2019-03-15 11:28:00,649.55,1024.075,23.64,291.925,1476.525
2019-03-15 11:29:00,614.175,1038.61,23.65,241.165,1488.115
2019-03-15 11:30:00,617.275,1031.99,23.58,245.7,1486.915
2019-03-15 11:31:00,621.51,1055.105,23.34,266.655,1505.44
2019-03-15 11:32:00,621.54,1070.73,23.225,236.77,1518.34
2019-03-15 11:33:00,623.13,1079.605,23.04,214.675,1531.79
2019-03-15 11:34:00,646.975,1065.715,23.08,216.84,1526.315
2019-03-15 11:35:00,670.89,1060.355,23.02,212.955,1523.655
2019-03-15 11:36:00,695.985,1078.93,22.91,212.04,1512.205
2019-03-15 11:37:00,716.965,1050.715,23.185,219.31,1534.73
2019-03-15 11:38:00,764.51,1074.765,23.195,262.47,1548.745
2019-03-15 11:39:00,770.12,1080.3,23.195,236.79,1541.985
2019-03-15 11:40:00,746.65,1060.225,23.36,225.965,1524.995
2019-03-15 11:41:00,722.795,1050.885,23.025,227.87,1529.565
2019-03-15 11:42:00,725.92,1072.76,23.08,194.1,1541.34
2019-03-15 11:43:00,711.305,1084.77,23.1,183.645,1539.925
2019-03-15 11:44:00,699.17,1079.095,23.1,197.8,1548.505
2019-03-15 11:45:00,689.845,1073.03,23.34,217.555,1538.0
2019-03-15 11:46:00,662.24,1074.405,23.13,191.965,1534.36
2019-03-15 11:47:00,670.14,1085.98,23.445,205.595,1537.93
2019-03-15 11:48:00,701.005,1074.095,23.285,207.34,1533.755
2019-03-15 11:49:00,728.015,1063.065,23.465,218.345,1535.855
2019-03-15 11:50:00,753.27,1071.36,23.505,193.625,1540.385
2019-03-15 11:51:00,699.035,1065.44,23.575,206.095,1533.61
2019-03-15 11:52:00,697.085,1065.145,23.46,211.075,1530.785
2019-03-15 11:53:00,682.42,1078.785,23.43,218.695,1534.74
2019-03-15 11:54:00,656.445,1086.68,23.14,206.445,1544.975
2019-03-15 11:55:00,612.755,1089.02,23.01,184.67,1539.38
2019-03-15 11:56:00,622.32,1105.31,23.53,189.005,1545.62
2019-03-15 11:57:00,617.415,1118.145,23.885,175.415,1554.055
2019-03-15 11:58:00,585.665,1115.175,23.89,161.635,1548.68
2019-03-15 11:59:00,569.255,1094.595,23.915,160.985,1531.06
2019-03-15 12:00:00,575.15,1106.385,24.1,169.65,1532.48
2019-03-15 12:01:00,583.965,1111.545,24.075,172.595,1540.655
2019-03-15 12:02:00,594.735,1116.77,24.13,187.15,1544.75
2019-03-15 12:03:00,588.775,1109.505,24.45,178.695,1541.06
2019-03-15 12:04:00,580.065,1128.915,24.295,166.94,1550.85
2019-03-15 12:05:00,552.185,1132.255,24.265,198.55,1554.385
2019-03-15 12:06:00,555.485,1126.05,24.28,200.415,1550.405
2019-03-15 12:07:00,563.17,1112.425,24.415,173.425,1543.665
2019-03-15 12:08:00,532.875,1117.47,24.185,166.77,1546.09
2019-03-15 12:09:00,537.865,1106.555,24.17,156.59,1531.79
2019-03-15 12:10:00,565.18,1099.905,24.09,158.005,1524.105
2019-03-15 12:11:00,576.26,1094.195,24.31,166.5,1528.6
2019-03-15 12:12:00,658.105,1073.825,32.595,180.59,1511.535
2019-03-15 12:13:00,627.63,1054.95,24.67,187.755,1507.235
2019-03-15 12:14:00,599.005,1071.47,24.65,195.525,1511.025
2019-03-15 12:15:00,585.325,1067.365,24.58,198.78,1509.48
2019-03-15 12:16:00,653.07,1086.31,33.185,218.305,1536.435
2019-03-15 12:17:00,596.17,1108.695,25.365,201.715,1542.98
2019-03-15 12:18:00,630.255,1102.025,24.95,210.3,1541.285
2019-03-15 12:19:00,623.77,1108.075,24.99,230.46,1540.075
2019-03-15 12:20:00,640.0,1091.51,24.91,226.165,1534.075
2019-03-15 12:21:00,652.295,1077.215,32.88,205.87,1525.185
2019-03-15 12:22:00,721.01,1045.575,28.895,233.295,1516.47
2019-03-15 12:23:00,735.04,1071.13,24.815,251.125,1525.61
2019-03-15 12:24:00,724.865,1060.855,24.745,235.13,1522.08
2019-03-15 12:25:00,757.405,1060.505,24.705,218.68,1525.78
2019-03-15 12:26:00,728.27,1056.965,24.935,210.33,1521.19
2019-03-15 12:27:00,694.66,1051.115,24.995,199.975,1513.52
2019-03-15 12:28:00,630.76,1071.48,24.895,193.75,1521.9
2019-03-15 12:29:00,615.935,1074.16,24.775,189.83,1524.105
2019-03-15 12:30:00,635.19,1082.075,24.665,201.18,1532.525
2019-03-15 12:31:00,660.38,1074.145,24.655,190.935,1528.47
2019-03-15 12:32:00,672.6,1050.015,24.765,179.22,1508.16
2019-03-15 12:33:00,668.795,1063.97,24.69,185.28,1520.23
2019-03-15 12:34:00,718.37,1057.955,24.675,183.965,1525.255
2019-03-15 12:35:00,714.28,1024.82,24.57,174.77,1509.015
2019-03-15 12:36:00,742.69,1061.355,24.385,176.405,1515.905
2019-03-15 12:37:00,706.12,1050.93,32.48,170.63,1513.905
2019-03-15 12:38:00,677.24,1060.855,24.51,171.785,1520.11
2019-03-15 12:39:00,686.34,1049.955,24.595,227.535,1516.595
2019-03-15 12:40:00,719.815,1037.69,24.775,222.22,1502.905
2019-03-15 12:41:00,687.555,1042.24,24.73,242.13,1507.835
2019-03-15 12:42:00,644.765,1029.715,24.985,215.9,1496.945
2019-03-15 12:43:00,685.85,1030.59,25.165,211.1,1495.555
2019-03-15 12:44:00,703.355,1036.73,25.3,212.9,1504.63
2019-03-15 12:45:00,716.305,1032.26,25.29,205.66,1509.565
2019-03-15 12:46:00,731.315,1039.095,24.945,208.405,1512.365
2019-03-15 12:47:00,695.625,1027.685,24.645,197.35,1503.965
2019-03-15 12:48:00,756.895,1033.705,24.535,198.58,1498.11
2019-03-15 12:49:00,761.135,1043.325,24.395,196.77,1524.61
2019-03-15 12:50:00,777.25,1033.33,24.275,193.055,1522.245
2019-03-15 12:51:00,788.63,1033.93,24.315,188.465,1512.335
2019-03-15 12:52:00,770.625,1012.425,24.275,192.99,1500.875
2019-03-15 12:53:00,832.285,1042.165,32.77,205.55,1525.215
2019-03-15 12:54:00,822.09,1036.01,25.225,198.755,1527.335
2019-03-15 12:55:00,797.265,1047.925,25.04,207.205,1535.08
2019-03-15 12:56:00,784.25,1037.55,25.125,193.81,1521.32
2019-03-15 12:57:00,795.915,1039.615,24.985,200.235,1522.87
2019-03-15 12:58:00,807.15,1041.735,25.12,170.97,1531.845
2019-03-15 12:59:00,799.11,1006.715,25.195,199.14,1516.11
2019-03-15 13:00:00,821.55,1012.72,24.97,201.78,1519.93
2019-03-15 13:01:00,811.945,1021.39,24.925,194.24,1523.035
2019-03-15 13:02:00,780.35,1009.24,24.835,212.23,1514.165
2019-03-15 13:03:00,815.39,1009.845,24.865,207.785,1515.73
2019-03-15 13:04:00,844.875,1024.025,25.0,218.68,1523.85
2019-03-15 13:05:00,818.325,1013.84,27.865,218.49,1516.095
2019-03-15 13:06:00,779.87,1011.985,28.045,213.665,1521.215
2019-03-15 13:07:00,803.105,1007.445,27.99,215.6,1508.52
2019-03-15 13:08:00,798.19,1006.64,28.16,204.625,1499.68
2019-03-15 13:09:00,751.875,1000.72,28.305,172.855,1493.255
2019-03-15 13:10:00,766.905,1000.925,28.375,161.975,1477.425
2019-03-15 13:11:00,684.32,997.365,28.61,165.045,1474.8
2019-03-15 13:12:00,675.265,1022.615,28.825,173.88,1497.885
2019-03-15 13:13:00,680.745,1022.565,28.94,175.09,1497.855
2019-03-15 13:14:00,683.84,1021.21,29.14,197.165,1490.15
2019-03-15 13:15:00,700.01,1012.495,32.195,189.325,1490.825
2019-03-15 13:16:00,725.985,1019.875,32.54,182.765,1500.06
2019-03-15 13:17:00,725.915,1002.065,32.795,162.405,1489.275
2019-03-15 13:18:00,749.845,1028.69,33.105,154.985,1500.21
2019-03-15 13:19:00,723.34,1028.305,30.41,156.315,1498.935
2019-03-15 13:20:00,727.81,1013.345,29.385,159.9,1497.61
2019-03-15 13:21:00,736.835,1006.475,29.47,172.73,1482.015
2019-03-15 13:22:00,749.565,1015.49,29.765,176.315,1488.14
2019-03-15 13:23:00,738.585,1031.04,29.775,187.08,1507.505
2019-03-15 13:24:00,744.335,1020.665,33.645,193.905,1506.885
2019-03-15 13:25:00,706.225,1034.37,33.65,185.27,1502.82
2019-03-15 13:26:00,679.975,1032.61,33.7,173.005,1489.81
2019-03-15 13:27:00,663.69,1039.755,33.91,175.255,1492.555
2019-03-15 13:28:00,698.245,1028.76,29.975,173.37,1490.14
2019-03-15 13:29:00,774.4,1018.61,36.115,168.115,1495.215
2019-03-15 13:30:00,792.9,997.905,36.27,172.635,1509.13
2019-03-15 13:31:00,842.21,991.17,36.53,198.47,1496.325
2019-03-15 13:32:00,842.295,986.1,34.96,199.51,1501.71
2019-03-15 13:33:00,849.33,991.42,34.81,206.895,1500.34
2019-03-15 13:34:00,854.82,993.2,35.56,218.62,1495.44
2019-03-15 13:35:00,926.915,1002.765,36.13,241.195,1500.175
2019-03-15 13:36:00,879.035,1010.98,36.485,222.575,1510.48
2019-03-15 13:37:00,849.325,1025.26,36.935,203.355,1513.74
2019-03-15 13:38:00,778.145,1031.535,40.255,206.71,1520.355
2019-03-15 13:39:00,747.37,1034.24,40.72,189.36,1495.8
2019-03-15 13:40:00,733.295,1020.115,41.235,185.025,1485.52
2019-03-15 13:41:00,756.62,1005.86,44.635,182.605,1468.99
2019-03-15 13:42:00,717.57,1015.36,45.04,188.71,1484.14
2019-03-15 13:43:00,711.16,1036.15,45.485,186.805,1498.6
2019-03-15 13:44:00,695.495,1041.595,45.61,198.375,1509.71
2019-03-15 13:45:00,719.76,1031.19,46.155,197.84,1502.3
2019-03-15 13:46:00,743.32,1020.925,46.63,213.52,1495.535
2019-03-15 13:47:00,733.56,1008.23,46.7,201.76,1497.73
2019-03-15 13:48:00,728.275,1009.375,47.14,209.415,1492.36
2019-03-15 13:49:00,714.715,1027.135,51.745,203.63,1494.14
2019-03-15 13:50:00,703.555,1014.48,51.96,220.745,1487.905
2019-03-15 13:51:00,703.985,1004.95,52.51,197.435,1478.23
2019-03-15 13:52:00,714.69,995.75,52.83,197.725,1479.12
2019-03-15 13:53:00,754.32,994.195,53.28,222.755,1473.17
2019-03-15 13:54:00,775.98,989.28,48.27,223.665,1475.2
2019-03-15 13:55:00,790.745,995.655,48.3,230.205,1485.355
2019-03-15 13:56:00,742.27,1001.795,48.515,198.96,1467.115
2019-03-15 13:57:00,829.655,983.14,44.16,207.305,1462.695
2019-03-15 13:58:00,811.895,947.355,44.025,199.43,1439.82
2019-03-15 13:59:00,833.86,949.735,44.17,190.57,1430.575
2019-03-15 14:00:00,807.465,941.345,44.215,178.435,1427.17
2019-03-15 14:01:00,810.095,960.125,44.455,187.49,1431.675
2019-03-15 14:02:00,734.6,952.15,44.38,170.765,1427.545
2019-03-15 14:03:00,715.47,952.715,44.34,165.715,1430.045
2019-03-15 14:04:00,726.12,956.185,44.33,165.325,1433.27
2019-03-15 14:05:00,775.595,940.2,44.19,173.625,1439.19
2019-03-15 14:06:00,818.6,947.44,44.29,174.025,1432.085
2019-03-15 14:07:00,761.495,945.44,44.315,172.855,1426.67
2019-03-15 14:08:00,753.98,947.31,44.095,173.575,1429.205
2019-03-15 14:09:00,739.595,957.88,44.025,176.135,1437.815
2019-03-15 14:10:00,770.88,948.36,43.96,194.47,1428.785
2019-03-15 14:11:00,771.58,944.43,43.94,185.175,1426.515
2019-03-15 14:12:00,779.235,943.005,43.94,193.115,1427.82
2019-03-15 14:13:00,803.91,946.535,43.885,201.29,1426.38
2019-03-15 14:14:00,825.02,944.78,44.2,188.01,1429.91
2019-03-15 14:15:00,809.785,935.905,38.86,194.97,1416.74
2019-03-15 14:16:00,818.885,929.29,38.725,204.41,1406.635
2019-03-15 14:17:00,829.58,932.345,38.715,223.55,1399.725
2019-03-15 14:18:00,841.75,921.445,41.745,205.28,1395.355
2019-03-15 14:19:00,862.61,905.6,38.525,203.18,1393.465
2019-03-15 14:20:00,900.725,903.825,38.315,215.01,1392.055
2019-03-15 14:21:00,881.435,891.05,38.37,203.385,1391.59
2019-03-15 14:22:00,849.46,895.455,38.33,201.405,1385.1
2019-03-15 14:23:00,799.625,925.81,38.275,208.1,1402.255
2019-03-15 14:24:00,799.855,939.825,38.335,213.715,1410.96
2019-03-15 14:25:00,785.76,927.43,38.5,206.055,1395.25
2019-03-15 14:26:00,890.365,920.56,38.665,261.56,1391.0
2019-03-15 14:27:00,867.015,899.43,38.64,241.39,1375.015
2019-03-15 14:28:00,878.585,891.53,38.73,229.015,1373.085
2019-03-15 14:29:00,876.245,891.945,38.865,217.395,1378.365
2019-03-15 14:30:00,904.785,878.035,38.835,209.5,1371.93
2019-03-15 14:31:00,901.255,867.62,38.995,196.975,1357.555
2019-03-15 14:32:00,815.4,867.85,38.905,214.66,1347.875
2019-03-15 14:33:00,841.93,880.205,38.84,222.465,1342.435
2019-03-15 14:34:00,823.45,880.18,38.685,237.265,1346.17
2019-03-15 14:35:00,805.965,849.57,38.485,208.025,1323.82
2019-03-15 14:36:00,811.15,865.905,38.485,194.165,1334.255
2019-03-15 14:37:00,807.96,862.22,38.18,216.76,1325.54
2019-03-15 14:38:00,787.21,873.36,41.215,229.355,1332.235
2019-03-15 14:39:00,777.93,861.58,41.295,252.995,1329.89
2019-03-15 14:40:00,790.37,875.06,41.43,260.425,1337.515
2019-03-15 14:41:00,768.53,863.455,41.46,245.15,1334.47
2019-03-15 14:42:00,743.64,856.14,41.575,239.73,1319.945
2019-03-15 14:43:00,733.525,870.64,42.195,204.385,1322.37
2019-03-15 14:44:00,765.525,844.175,42.515,180.545,1316.795
2019-03-15 14:45:00,841.66,978.755,42.65,205.515,1298.385
2019-03-15 14:46:00,814.12,828.505,42.965,203.705,1307.85
2019-03-15 14:47:00,810.09,822.175,43.075,211.395,1309.03
2019-03-15 14:48:00,883.46,831.205,43.215,198.655,1306.56
2019-03-15 14:49:00,845.9,834.275,43.365,201.95,1306.3
2019-03-15 14:50:00,775.765,832.065,43.4,185.535,1293.99
2019-03-15 14:51:00,763.48,830.065,43.425,193.085,1290.07
2019-03-15 14:52:00,786.875,825.37,43.44,201.465,1288.63
2019-03-15 14:53:00,745.815,835.965,43.2,191.27,1282.87
2019-03-15 14:54:00,747.265,840.08,43.37,209.015,1287.69
2019-03-15 14:55:00,760.815,818.845,43.355,205.955,1272.975
2019-03-15 14:56:00,740.965,810.61,43.535,210.25,1254.615
2019-03-15 14:57:00,731.82,818.615,43.52,187.805,1262.925
2019-03-15 14:58:00,770.94,795.165,43.51,188.605,1237.295
2019-03-15 14:59:00,737.72,802.195,43.44,172.46,1244.72
2019-03-15 15:00:00,741.565,799.87,43.57,184.05,1237.655
2019-03-15 15:01:00,767.9,795.535,43.82,183.395,1240.155
2019-03-15 15:02:00,752.51,801.465,43.78,174.96,1250.93
2019-03-15 15:03:00,752.23,792.795,43.915,174.66,1238.095
2019-03-15 15:04:00,739.9,794.41,43.825,159.11,1233.115
2019-03-15 15:05:00,732.07,794.03,43.855,201.065,1238.575
2019-03-15 15:06:00,720.915,786.945,39.345,174.565,1227.14
2019-03-15 15:07:00,696.995,783.76,38.995,167.17,1226.43
2019-03-15 15:08:00,693.135,779.145,38.96,174.615,1223.41
2019-03-15 15:09:00,706.755,769.17,39.03,163.67,1213.355
2019-03-15 15:10:00,746.315,764.865,39.05,198.35,1220.655
2019-03-15 15:11:00,794.78,777.595,39.0,210.79,1222.58
2019-03-15 15:12:00,760.145,766.16,38.66,220.305,1220.25
2019-03-15 15:13:00,763.91,762.785,38.215,194.28,1198.27
2019-03-15 15:14:00,756.455,757.62,46.325,220.445,1200.85
2019-03-15 15:15:00,758.41,749.2,38.295,226.945,1184.125
2019-03-15 15:16:00,748.085,748.23,38.385,209.35,1182.305
2019-03-15 15:17:00,762.92,726.5,38.145,206.83,1164.615
2019-03-15 15:18:00,769.11,730.33,38.24,208.065,1169.215
2019-03-15 15:19:00,779.055,710.015,46.73,195.21,1153.07
2019-03-15 15:20:00,771.765,705.29,38.8,223.505,1145.34
2019-03-15 15:21:00,775.68,696.49,33.88,204.475,1140.515
2019-03-15 15:22:00,774.43,702.845,33.54,204.2,1147.495
2019-03-15 15:23:00,806.695,698.1,41.695,188.51,1147.77
2019-03-15 15:24:00,799.41,709.325,32.785,199.98,1147.03
2019-03-15 15:25:00,795.815,697.38,32.23,198.56,1147.855
2019-03-15 15:26:00,823.325,698.31,31.91,204.51,1143.25
2019-03-15 15:27:00,847.775,665.95,31.67,198.085,1117.9
2019-03-15 15:28:00,821.255,649.96,31.375,202.255,1102.715
2019-03-15 15:29:00,807.625,660.32,31.035,212.3,1110.785
2019-03-15 15:30:00,792.81,661.055,25.835,242.88,1100.835
2019-03-15 15:31:00,811.24,638.975,25.115,220.425,1077.68
2019-03-15 15:32:00,811.53,627.47,24.7,178.29,1070.24
2019-03-15 15:33:00,810.86,628.585,32.315,170.29,1072.865
2019-03-15 15:34:00,757.58,640.52,24.04,180.645,1074.41
2019-03-15 15:35:00,809.45,632.61,19.155,159.48,1074.505
2019-03-15 15:36:00,817.015,616.48,21.545,183.245,1069.62
2019-03-15 15:37:00,847.41,610.365,21.175,210.71,1056.87
2019-03-15 15:38:00,913.445,603.16,20.885,207.8,1053.96
2019-03-15 15:39:00,860.24,604.455,21.005,202.975,1047.08
2019-03-15 15:40:00,821.335,595.505,20.54,194.19,1042.68
2019-03-15 15:41:00,855.035,586.59,20.425,195.105,1037.11
2019-03-15 15:42:00,865.36,580.57,20.495,195.91,1024.735
2019-03-15 15:43:00,859.395,584.52,20.525,207.72,1025.39
2019-03-15 15:44:00,822.005,573.145,20.135,210.025,1009.245
2019-03-15 15:45:00,860.26,576.405,19.835,223.845,1009.85
2019-03-15 15:46:00,830.96,562.955,19.735,179.585,1003.08
2019-03-15 15:47:00,822.28,576.175,19.495,201.005,998.3
2019-03-15 15:48:00,785.075,581.675,19.36,168.175,1008.275
2019-03-15 15:49:00,833.625,577.255,19.025,177.065,1010.27
2019-03-15 15:50:00,838.345,567.695,18.61,185.12,1000.105
2019-03-15 15:51:00,838.33,560.395,18.32,184.695,993.41
2019-03-15 15:52:00,828.845,545.265,18.195,180.53,988.79
2019-03-15 15:53:00,827.965,547.005,17.58,191.33,985.545
2019-03-15 15:54:00,806.585,543.09,17.27,172.295,971.24
2019-03-15 15:55:00,781.535,534.725,16.81,152.755,963.68
2019-03-15 15:56:00,781.74,534.73,16.38,182.62,963.765
2019-03-15 15:57:00,817.705,535.82,16.17,193.365,960.27
2019-03-15 15:58:00,827.8,519.485,19.455,202.355,949.625
2019-03-15 15:59:00,758.99,541.19,10.955,196.66,952.095
2019-03-15 16:00:00,745.87,531.79,10.605,191.365,942.37
2019-03-15 16:01:00,769.275,538.085,10.23,193.59,948.32
2019-03-15 16:02:00,759.36,530.145,9.755,193.79,937.035
2019-03-15 16:03:00,752.675,502.86,9.345,170.31,914.18
2019-03-15 16:04:00,826.54,501.45,8.85,160.69,910.79
2019-03-15 16:05:00,798.47,502.5,8.465,179.325,916.955
2019-03-15 16:06:00,790.97,500.75,8.345,165.675,912.83
2019-03-15 16:07:00,779.445,505.845,7.995,158.525,910.95
2019-03-15 16:08:00,786.395,493.525,7.935,161.53,902.43
2019-03-15 16:09:00,778.745,469.725,7.47,173.095,884.36
2019-03-15 16:10:00,765.1,453.2,7.105,153.255,863.395
2019-03-15 16:11:00,768.15,447.265,6.945,135.775,855.78
2019-03-15 16:12:00,724.64,464.855,6.495,156.19,863.33
2019-03-15 16:13:00,724.47,456.525,6.43,163.115,855.01
2019-03-15 16:14:00,756.03,440.43,6.24,138.245,841.395
2019-03-15 16:15:00,731.56,447.985,6.125,150.795,845.91
2019-03-15 16:16:00,727.41,436.685,5.98,163.735,833.37
2019-03-15 16:17:00,759.66,428.04,5.63,194.58,826.575
2019-03-15 16:18:00,734.525,423.655,5.65,149.395,827.195
2019-03-15 16:19:00,718.14,404.375,5.33,147.56,806.55
2019-03-15 16:20:00,719.195,409.47,5.445,141.67,810.155
2019-03-15 16:21:00,716.525,410.86,5.265,164.17,802.61
2019-03-15 16:22:00,723.31,409.16,5.465,164.575,799.335
2019-03-15 16:23:00,714.455,396.435,5.245,158.665,787.71
2019-03-15 16:24:00,723.815,389.18,4.86,157.335,774.39
2019-03-15 16:25:00,690.135,381.28,4.805,161.785,767.8
2019-03-15 16:26:00,663.205,380.665,4.725,181.7,758.525
2019-03-15 16:27:00,633.98,378.435,4.525,166.795,754.455
2019-03-15 16:28:00,709.275,367.395,12.73,189.205,748.615
2019-03-15 16:29:00,688.325,355.965,4.565,189.165,739.66
2019-03-15 16:30:00,688.195,349.045,4.36,199.02,728.555
2019-03-15 16:31:00,706.735,345.53,4.25,197.985,725.715
2019-03-15 16:32:00,701.785,334.385,4.295,197.665,715.92
2019-03-15 16:33:00,686.49,323.21,4.09,191.055,704.235
2019-03-15 16:34:00,701.895,311.465,4.055,186.465,692.645
2019-03-15 16:35:00,675.88,308.82,4.1,176.145,686.215
2019-03-15 16:36:00,681.99,296.82,4.235,166.33,672.0
2019-03-15 16:37:00,704.26,283.185,6.84,159.17,660.14
2019-03-15 16:38:00,710.745,263.795,6.82,183.01,639.38
2019-03-15 16:39:00,701.76,258.835,7.035,213.58,638.305
2019-03-15 16:40:00,702.78,246.575,7.52,208.005,614.6
2019-03-15 16:41:00,710.705,235.195,7.76,200.43,602.145
2019-03-15 16:42:00,701.695,230.97,7.84,214.665,598.975
2019-03-15 16:43:00,721.38,221.51,8.105,203.94,590.805
2019-03-15 16:44:00,723.55,219.305,7.99,219.335,589.69
2019-03-15 16:45:00,720.92,217.93,8.04,227.79,590.715
2019-03-15 16:46:00,718.59,210.73,8.085,206.85,579.08
2019-03-15 16:47:00,724.88,214.32,8.11,215.38,577.495
2019-03-15 16:48:00,720.84,204.335,10.755,237.58,562.68
2019-03-15 16:49:00,742.955,202.195,10.79,224.33,556.88
2019-03-15 16:50:00,744.78,191.14,10.985,214.575,541.565
2019-03-15 16:51:00,716.495,178.65,11.095,204.855,517.25
2019-03-15 16:52:00,684.025,185.155,11.065,227.29,525.855
2019-03-15 16:53:00,699.885,177.485,7.935,218.76,516.525
2019-03-15 16:54:00,694.71,168.665,7.835,214.53,507.505
2019-03-15 16:55:00,684.03,167.985,7.89,213.145,504.88
2019-03-15 16:56:00,682.935,160.325,8.41,203.56,495.225
2019-03-15 16:57:00,675.8,148.22,8.515,205.195,482.195
2019-03-15 16:58:00,672.5,142.84,8.575,220.32,468.47
2019-03-15 16:59:00,655.72,130.27,8.465,197.91,453.085
2019-03-15 17:00:00,665.25,125.28,11.42,214.02,442.76
2019-03-15 17:01:00,691.615,119.725,11.345,266.75,430.15
2019-03-15 17:02:00,693.46,110.915,11.365,297.385,422.06
2019-03-15 17:03:00,707.405,106.84,14.93,261.265,416.245
2019-03-15 17:04:00,719.715,98.255,15.15,259.175,404.335
2019-03-15 17:05:00,709.205,99.46,15.675,248.01,402.52
2019-03-15 17:06:00,734.155,95.205,24.075,234.835,406.665
2019-03-15 17:07:00,727.345,93.63,16.085,240.315,402.0
2019-03-15 17:08:00,761.79,86.42,16.265,233.925,389.055
2019-03-15 17:09:00,732.455,82.315,16.555,224.21,381.69
2019-03-15 17:10:00,688.915,83.855,16.71,188.055,381.695
2019-03-15 17:11:00,703.76,78.16,16.925,183.63,369.335
2019-03-15 17:12:00,701.475,67.22,17.095,172.475,356.63
2019-03-15 17:13:00,706.54,62.815,12.98,187.77,350.875
2019-03-15 17:14:00,756.655,60.57,12.79,215.705,350.475
2019-03-15 17:15:00,768.9,54.14,12.805,202.415,346.45
2019-03-15 17:16:00,737.465,47.905,12.88,203.34,336.805
2019-03-15 17:17:00,740.07,48.99,12.935,222.19,333.855
2019-03-15 17:18:00,718.9,50.795,12.91,211.49,327.905
2019-03-15 17:19:00,739.925,50.65,12.83,208.76,323.79
2019-03-15 17:20:00,763.395,47.825,12.98,220.48,317.195
2019-03-15 17:21:00,764.185,46.42,12.94,236.17,312.495
2019-03-15 17:22:00,748.25,43.49,15.715,214.225,306.335
2019-03-15 17:23:00,743.18,42.75,11.14,213.31,300.125
2019-03-15 17:24:00,761.045,42.73,11.415,213.06,295.725
2019-03-15 17:25:00,780.025,37.265,11.525,218.455,292.88
2019-03-15 17:26:00,795.91,35.49,11.58,234.405,286.355
2019-03-15 17:27:00,773.43,35.665,11.65,213.31,280.045
2019-03-15 17:28:00,790.44,32.07,11.85,259.11,273.16
2019-03-15 17:29:00,792.75,29.97,12.095,245.53,268.245
2019-03-15 17:30:00,780.98,27.315,12.485,257.35,259.92
2019-03-15 17:31:00,795.91,25.705,12.755,275.51,254.11
2019-03-15 17:32:00,796.455,23.0,12.665,319.855,245.255
2019-03-15 17:33:00,819.55,22.215,12.745,326.755,243.795
2019-03-15 17:34:00,807.68,19.685,12.715,280.145,236.645
2019-03-15 17:35:00,846.7,19.005,12.56,288.94,231.91
2019-03-15 17:36:00,826.03,13.635,12.55,276.11,221.79
2019-03-15 17:37:00,801.19,10.465,12.605,306.055,209.085
2019-03-15 17:38:00,778.695,9.025,12.59,294.845,200.75
2019-03-15 17:39:00,776.185,10.66,12.84,282.18,204.745
2019-03-15 17:40:00,786.795,10.525,12.84,298.185,203.17
2019-03-15 17:41:00,785.875,7.7,12.855,281.98,194.585
2019-03-15 17:42:00,727.92,9.115,12.99,265.765,190.645
2019-03-15 17:43:00,767.56,6.505,21.395,267.535,189.97
2019-03-15 17:44:00,762.985,6.89,12.995,289.875,184.49
2019-03-15 17:45:00,792.5,3.485,12.78,335.58,176.725
2019-03-15 17:46:00,765.875,3.02,12.68,344.555,168.0
2019-03-15 17:47:00,749.255,2.52,12.74,347.2,162.665
2019-03-15 17:48:00,736.44,3.52,12.82,330.08,159.62
2019-03-15 17:49:00,724.615,3.51,12.8,301.78,155.495
2019-03-15 17:50:00,728.665,2.46,15.645,300.65,148.26
2019-03-15 17:51:00,747.025,2.385,18.415,311.99,142.795
2019-03-15 17:52:00,753.57,1.875,18.64,314.06,139.025
2019-03-15 17:53:00,778.32,2.425,22.375,312.985,133.805
2019-03-15 17:54:00,764.18,2.62,19.675,342.02,130.525
2019-03-15 17:55:00,734.095,2.54,19.84,365.555,125.48
2019-03-15 17:56:00,723.83,2.49,22.745,367.1,121.485
2019-03-15 17:57:00,728.285,2.035,22.925,336.84,118.215
2019-03-15 17:58:00,709.815,1.26,23.42,360.62,113.495
2019-03-15 17:59:00,712.615,0.715,24.085,382.815,109.45
2019-03-15 18:00:00,734.36,0.53,24.43,400.695,108.41
2019-03-15 18:01:00,737.76,0.13,24.925,419.085,104.605
2019-03-15 18:02:00,714.99,0.1,25.385,387.945,102.02
2019-03-15 18:03:00,734.805,0.315,25.635,427.085,98.47
2019-03-15 18:04:00,766.035,0.24,29.565,433.625,96.245
2019-03-15 18:05:00,819.545,0.42,29.945,472.825,93.585
2019-03-15 18:06:00,811.61,0.485,30.32,469.39,90.245
2019-03-15 18:07:00,813.3,0.41,30.635,490.855,86.085
2019-03-15 18:08:00,800.99,0.005,31.075,455.835,83.485
2019-03-15 18:09:00,760.16,0.125,31.355,424.965,80.675
2019-03-15 18:10:00,793.365,0.155,26.81,485.095,77.37
2019-03-15 18:11:00,781.665,0.0,26.64,464.155,74.72
2019-03-15 18:12:00,798.145,0.09,26.75,486.28,72.16
2019-03-15 18:13:00,816.055,0.06,26.98,501.805,69.63
2019-03-15 18:14:00,752.73,0.0,22.33,443.28,67.69
2019-03-15 18:15:00,762.955,0.0,25.37,462.095,64.575
2019-03-15 18:16:00,734.955,0.0,25.23,424.92,61.725
2019-03-15 18:17:00,795.905,0.0,33.78,442.675,63.85
2019-03-15 18:18:00,792.555,0.0,30.3,490.47,57.82
2019-03-15 18:19:00,771.5,0.0,22.73,462.595,54.85
2019-03-15 18:20:00,764.045,0.0,22.31,457.165,53.125
2019-03-15 18:21:00,810.935,0.0,22.155,507.82,50.54
2019-03-15 18:22:00,818.785,0.0,22.375,554.245,47.95
2019-03-15 18:23:00,768.54,0.0,22.255,520.845,46.545
2019-03-15 18:24:00,804.745,0.0,30.605,536.02,49.53
2019-03-15 18:25:00,796.875,0.02,22.45,547.995,43.41
2019-03-15 18:26:00,798.74,0.02,22.495,550.135,41.19
2019-03-15 18:27:00,803.895,0.0,22.565,561.785,39.875
2019-03-15 18:28:00,821.595,0.0,22.78,590.275,38.29
2019-03-15 18:29:00,824.9,0.0,22.995,592.8,36.65
2019-03-15 18:30:00,803.24,2.335,23.31,581.535,41.8
2019-03-15 18:31:00,816.275,0.0,25.41,598.605,34.215
2019-03-15 18:32:00,825.12,0.0,25.4,604.74,32.415
2019-03-15 18:33:00,836.855,0.0,25.715,626.6,30.725
2019-03-15 18:34:00,849.325,0.0,25.925,605.835,29.05
2019-03-15 18:35:00,863.105,0.0,25.935,599.725,27.8
2019-03-15 18:36:00,878.28,0.0,26.16,629.36,26.285
2019-03-15 18:37:00,859.17,0.0,26.465,612.46,25.11
2019-03-15 18:38:00,870.15,0.0,22.055,623.845,23.845
2019-03-15 18:39:00,923.87,0.0,21.99,675.325,22.865
2019-03-15 18:40:00,989.835,0.0,22.18,739.77,21.385
2019-03-15 18:41:00,987.89,0.0,18.005,762.865,20.25
2019-03-15 18:42:00,999.29,0.0,18.05,736.945,18.965
2019-03-15 18:43:00,989.75,0.0,18.17,745.46,18.095
2019-03-15 18:44:00,989.145,0.0,18.46,756.475,17.1
2019-03-15 18:45:00,981.585,0.03,18.685,748.995,16.3
2019-03-15 18:46:00,966.8,0.07,18.975,741.46,15.63
2019-03-15 18:47:00,999.58,0.085,19.235,771.56,14.795
2019-03-15 18:48:00,1012.785,0.1,19.275,778.35,14.16
2019-03-15 18:49:00,989.96,0.205,19.275,788.81,13.15
2019-03-15 18:50:00,1014.7,0.205,19.135,810.3,12.42
2019-03-15 18:51:00,1027.735,0.19,22.935,839.85,11.75
2019-03-15 18:52:00,1074.46,0.0,22.91,845.125,11.165
2019-03-15 18:53:00,1019.225,0.0,18.71,811.72,10.49
2019-03-15 18:54:00,1079.04,0.0,18.165,813.475,9.84
2019-03-15 18:55:00,1050.48,0.0,13.7,779.33,9.205
2019-03-15 18:56:00,1014.005,0.0,8.59,749.575,8.705
2019-03-15 18:57:00,991.825,0.0,11.15,748.71,8.13
2019-03-15 18:58:00,1008.385,0.0,11.39,736.965,7.715
2019-03-15 18:59:00,972.975,0.0,11.585,719.09,7.35
2019-03-15 19:00:00,939.245,0.0,11.945,704.485,6.895
2019-03-15 19:01:00,972.05,0.0,12.48,727.28,6.475
2019-03-15 19:02:00,976.065,0.0,12.65,707.54,6.21
2019-03-15 19:03:00,973.915,0.0,12.63,744.47,5.785
2019-03-15 19:04:00,973.14,0.0,12.31,761.325,5.5
2019-03-15 19:05:00,966.55,0.0,15.835,729.82,5.11
2019-03-15 19:06:00,982.68,0.0,18.5,737.395,4.765
2019-03-15 19:07:00,1023.09,0.0,19.26,769.67,4.24
2019-03-15 19:08:00,1012.58,0.0,22.195,734.92,3.795
2019-03-15 19:09:00,1017.295,0.0,28.19,731.025,3.535
2019-03-15 19:10:00,1016.535,0.0,28.785,749.06,3.22
2019-03-15 19:11:00,1013.0,0.0,29.755,729.795,2.88
2019-03-15 19:12:00,1001.49,0.0,30.675,723.515,2.545
2019-03-15 19:13:00,979.025,0.0,33.51,688.87,2.19
2019-03-15 19:14:00,975.295,0.0,34.965,675.71,1.85
2019-03-15 19:15:00,936.41,0.0,38.145,672.63,1.595
2019-03-15 19:16:00,948.69,0.0,39.005,710.87,1.725
2019-03-15 19:17:00,957.54,0.0,39.815,724.505,1.615
2019-03-15 19:18:00,1026.09,0.0,40.705,779.28,1.525
2019-03-15 19:19:00,1060.525,0.0,52.92,783.485,5.99
2019-03-15 19:20:00,1056.54,0.0,45.77,800.52,1.81
2019-03-15 19:21:00,1013.29,0.0,49.055,749.955,1.61
2019-03-15 19:22:00,997.44,0.0,49.915,756.27,1.57
2019-03-15 19:23:00,991.845,0.0,50.455,782.96,1.56
2019-03-15 19:24:00,989.14,0.0,46.745,741.975,1.56
2019-03-15 19:25:00,1005.62,0.0,46.6,731.18,1.57
2019-03-15 19:26:00,977.94,0.0,42.945,706.475,1.565
2019-03-15 19:27:00,995.13,0.0,42.955,739.265,1.555
2019-03-15 19:28:00,1031.505,0.0,39.555,779.14,1.545
2019-03-15 19:29:00,986.185,0.0,39.555,719.97,1.27
2019-03-15 19:30:00,987.215,0.0,39.58,733.875,1.175
2019-03-15 19:31:00,1007.3,0.0,40.13,747.755,1.15
2019-03-15 19:32:00,1050.81,0.0,40.295,790.695,1.13
2019-03-15 19:33:00,1059.04,0.0,40.405,799.56,1.12
2019-03-15 19:34:00,1041.52,0.0,40.465,783.95,1.01
2019-03-15 19:35:00,999.24,0.0,40.44,745.82,0.86
2019-03-15 19:36:00,997.915,0.0,40.435,732.505,0.83
2019-03-15 19:37:00,1002.235,0.0,40.505,727.02,0.78
2019-03-15 19:38:00,1002.17,0.0,40.635,743.095,0.625
2019-03-15 19:39:00,972.11,0.0,40.585,730.405,0.52
2019-03-15 19:40:00,998.7,0.0,36.245,720.685,0.49
2019-03-15 19:41:00,982.37,0.0,36.22,718.51,0.48
2019-03-15 19:42:00,989.075,0.0,36.36,733.89,0.48
2019-03-15 19:43:00,1004.98,0.0,36.435,727.15,0.475
2019-03-15 19:44:00,972.485,0.0,36.625,704.385,0.47
2019-03-15 19:45:00,946.235,0.0,36.59,684.1,0.465
2019-03-15 19:46:00,985.785,0.0,31.895,725.43,0.465
2019-03-15 19:47:00,996.89,0.0,31.83,735.17,0.465
2019-03-15 19:48:00,984.315,0.0,31.88,728.165,0.46
2019-03-15 19:49:00,990.345,0.0,30.65,721.085,0.44
2019-03-15 19:50:00,970.585,0.0,27.01,707.7,0.395
2019-03-15 19:51:00,955.4,0.0,29.44,698.445,0.39
2019-03-15 19:52:00,934.905,0.0,24.97,677.91,0.39
2019-03-15 19:53:00,948.325,0.0,22.065,662.95,0.395
2019-03-15 19:54:00,925.99,0.0,24.76,637.83,0.38
2019-03-15 19:55:00,938.805,0.0,24.875,636.435,0.37
2019-03-15 19:56:00,948.955,0.0,27.89,636.9,0.37
2019-03-15 19:57:00,968.32,0.0,28.055,669.97,0.17
2019-03-15 19:58:00,963.415,0.0,28.21,638.515,0.085
2019-03-15 19:59:00,920.015,0.0,26.01,618.195,0.055
2019-03-15 20:00:00,914.325,0.0,25.855,625.88,0.04
2019-03-15 20:01:00,955.28,0.0,26.195,659.92,0.035
2019-03-15 20:02:00,927.635,0.0,26.16,625.58,0.03
2019-03-15 20:03:00,947.18,0.0,26.265,671.67,0.025
2019-03-15 20:04:00,927.83,0.0,26.57,675.535,0.005
2019-03-15 20:05:00,976.285,0.0,26.945,693.03,0.005
2019-03-15 20:06:00,956.36,0.0,26.83,675.395,0.005
2019-03-15 20:07:00,943.925,0.0,26.73,648.465,0.01
2019-03-15 20:08:00,949.79,0.0,26.635,653.845,0.01
2019-03-15 20:09:00,962.505,0.0,26.685,651.865,0.01
2019-03-15 20:10:00,982.5,0.0,26.745,658.495,0.01
2019-03-15 20:11:00,1002.28,0.0,22.41,673.885,0.01
2019-03-15 20:12:00,1017.49,0.0,22.325,700.54,0.01
2019-03-15 20:13:00,991.635,0.0,22.655,659.42,0.01
2019-03-15 20:14:00,984.67,0.0,25.45,650.975,0.01
2019-03-15 20:15:00,991.01,0.0,25.785,641.64,0.01
2019-03-15 20:16:00,971.815,0.0,23.07,615.275,0.01
2019-03-15 20:17:00,971.935,0.0,21.08,618.075,0.01
2019-03-15 20:18:00,962.345,0.0,18.555,614.65,0.01
2019-03-15 20:19:00,999.025,0.0,18.49,645.445,0.01
2019-03-15 20:20:00,950.975,0.0,14.325,607.22,0.005
2019-03-15 20:21:00,945.73,0.0,14.31,599.435,0.005
2019-03-15 20:22:00,941.15,0.0,14.3,592.84,0.005
2019-03-15 20:23:00,957.895,0.0,17.115,631.025,0.005
2019-03-15 20:24:00,950.365,0.0,19.89,595.03,0.005
2019-03-15 20:25:00,887.995,0.0,19.77,579.38,0.005
2019-03-15 20:26:00,840.145,0.0,20.13,564.71,0.005
2019-03-15 20:27:00,827.02,0.0,20.095,575.81,0.005
2019-03-15 20:28:00,846.025,0.0,20.37,581.915,0.005
2019-03-15 20:29:00,859.21,0.0,20.995,559.9,0.005
2019-03-15 20:30:00,864.135,0.0,21.365,585.485,0.005
2019-03-15 20:31:00,898.005,0.0,24.165,592.635,0.005
2019-03-15 20:32:00,903.24,0.0,24.36,592.355,0.005
2019-03-15 20:33:00,889.725,0.0,22.14,580.865,0.0
2019-03-15 20:34:00,882.72,0.0,22.325,556.46,0.0
2019-03-15 20:35:00,882.175,0.0,22.625,574.17,0.0
2019-03-15 20:36:00,882.185,0.0,22.745,572.565,0.0
2019-03-15 20:37:00,839.065,0.0,22.64,562.185,0.0
2019-03-15 20:38:00,856.615,0.0,22.805,566.91,0.0
2019-03-15 20:39:00,854.6,0.0,23.045,557.84,0.0
2019-03-15 20:40:00,864.0,0.0,22.98,589.365,0.0
2019-03-15 20:41:00,849.57,0.0,23.11,573.095,0.0
2019-03-15 20:42:00,817.835,0.0,23.2,550.78,0.0
2019-03-15 20:43:00,831.7,0.0,25.755,539.56,0.0
2019-03-15 20:44:00,823.74,0.0,25.585,530.33,0.0
2019-03-15 20:45:00,795.93,0.0,18.5,531.73,0.0
2019-03-15 20:46:00,813.31,0.0,18.35,537.225,0.0
2019-03-15 20:47:00,828.64,0.0,21.195,538.76,0.0
2019-03-15 20:48:00,868.105,0.0,16.98,580.115,0.0
2019-03-15 20:49:00,860.5,0.0,19.725,581.35,0.0
2019-03-15 20:50:00,889.71,0.0,19.78,600.97,0.0
2019-03-15 20:51:00,924.62,0.0,17.105,616.89,0.0
2019-03-15 20:52:00,937.315,0.0,17.045,632.73,0.0
2019-03-15 20:53:00,914.365,0.0,17.155,623.83,0.0
2019-03-15 20:54:00,919.565,0.0,17.625,620.03,0.0
2019-03-15 20:55:00,896.305,0.0,17.92,592.065,0.0
2019-03-15 20:56:00,912.345,0.0,18.235,602.66,0.0
2019-03-15 20:57:00,912.615,0.0,18.245,613.99,0.0
2019-03-15 20:58:00,890.63,0.0,18.58,603.055,0.0
2019-03-15 20:59:00,902.525,0.0,18.745,608.065,0.0
2019-03-15 21:00:00,869.23,0.0,18.93,580.675,0.0
2019-03-15 21:01:00,896.21,0.0,19.105,600.05,0.0
2019-03-15 21:02:00,888.335,0.0,19.265,605.24,0.0
2019-03-15 21:03:00,876.405,0.0,19.415,601.345,0.0
2019-03-15 21:04:00,885.22,0.0,19.64,607.725,0.0
2019-03-15 21:05:00,883.36,0.0,19.805,595.51,0.0
2019-03-15 21:06:00,854.24,0.0,19.71,572.445,0.0
2019-03-15 21:07:00,886.0,0.0,14.935,559.55,0.0
2019-03-15 21:08:00,886.57,0.0,14.645,564.64,0.0
2019-03-15 21:09:00,881.38,0.0,14.635,553.23,0.0
2019-03-15 21:10:00,894.645,0.0,21.94,567.295,0.0
2019-03-15 21:11:00,887.255,0.0,20.73,567.62,0.0
2019-03-15 21:12:00,895.865,0.0,20.62,567.795,0.0
2019-03-15 21:13:00,887.015,0.0,18.26,564.02,0.0
2019-03-15 21:14:00,875.11,0.0,18.32,557.19,0.0
2019-03-15 21:15:00,843.345,0.0,18.29,542.655,0.0
2019-03-15 21:16:00,866.725,0.0,18.28,553.465,0.0
2019-03-15 21:17:00,878.025,0.0,26.83,541.225,4.455
2019-03-15 21:18:00,833.245,0.0,18.58,514.425,0.235
2019-03-15 21:19:00,791.895,0.0,18.455,519.14,0.14
2019-03-15 21:20:00,791.155,0.0,18.575,537.48,0.09
2019-03-15 21:21:00,793.03,0.0,21.53,548.62,0.07
2019-03-15 21:22:00,799.2,0.0,21.325,536.58,0.05
2019-03-15 21:23:00,842.845,0.0,27.49,557.39,4.455
2019-03-15 21:24:00,832.49,0.0,19.605,572.01,0.745
2019-03-15 21:25:00,871.555,0.0,19.015,600.95,0.12
2019-03-15 21:26:00,877.465,0.0,18.92,599.435,0.065
2019-03-15 21:27:00,917.63,0.0,19.235,628.985,0.045
2019-03-15 21:28:00,911.5,0.0,19.09,613.185,0.035
2019-03-15 21:29:00,892.31,0.0,19.31,612.035,0.025
2019-03-15 21:30:00,875.475,0.0,19.42,615.93,0.02
2019-03-15 21:31:00,826.94,0.0,19.835,605.775,0.0
2019-03-15 21:32:00,835.26,0.0,15.095,613.39,0.0
2019-03-15 21:33:00,852.845,0.0,14.845,611.025,0.0
2019-03-15 21:34:00,885.265,0.0,14.645,633.435,0.0
2019-03-15 21:35:00,868.125,0.0,17.105,612.835,0.0
2019-03-15 21:36:00,895.185,0.0,17.14,657.475,0.0
2019-03-15 21:37:00,891.32,0.0,12.42,648.665,0.0
2019-03-15 21:38:00,934.03,0.0,15.26,680.94,0.0
2019-03-15 21:39:00,919.685,0.0,13.14,663.415,0.0
2019-03-15 21:40:00,936.345,0.0,12.815,658.21,0.0
2019-03-15 21:41:00,929.78,0.0,12.88,645.15,0.0
2019-03-15 21:42:00,899.34,0.0,13.23,642.94,0.0
2019-03-15 21:43:00,924.355,0.0,13.29,675.06,0.0
2019-03-15 21:44:00,917.07,0.0,13.465,673.6,0.0
2019-03-15 21:45:00,917.115,0.0,13.425,672.485,0.0
2019-03-15 21:46:00,911.78,0.0,16.42,655.5,0.0
2019-03-15 21:47:00,914.87,0.0,16.81,655.745,0.0
2019-03-15 21:48:00,888.37,0.0,16.98,633.705,0.0
2019-03-15 21:49:00,831.155,0.0,17.43,601.77,0.0
2019-03-15 21:50:00,796.64,0.0,17.785,557.1,0.0
2019-03-15 21:51:00,810.95,0.0,13.735,574.095,0.0
2019-03-15 21:52:00,789.36,0.0,13.65,568.075,0.0
2019-03-15 21:53:00,825.525,0.0,13.755,615.325,0.0
2019-03-15 21:54:00,812.835,0.0,13.75,607.645,0.0
2019-03-15 21:55:00,835.365,0.0,13.62,640.96,0.0
2019-03-15 21:56:00,857.86,0.0,13.515,662.195,0.0
2019-03-15 21:57:00,801.305,0.0,13.65,602.665,0.0
2019-03-15 21:58:00,846.79,0.0,13.89,654.955,0.0
2019-03-15 21:59:00,884.65,0.0,13.74,676.785,0.0
2019-03-15 22:00:00,908.26,0.0,13.77,693.62,0.0
2019-03-15 22:01:00,918.83,0.0,16.595,688.21,0.0
2019-03-15 22:02:00,930.2,0.0,16.75,670.415,0.0
2019-03-15 22:03:00,903.18,0.0,14.89,654.475,0.0
2019-03-15 22:04:00,897.86,0.0,14.69,664.86,0.0
2019-03-15 22:05:00,890.0,0.0,17.28,646.265,0.0
2019-03-15 22:06:00,911.18,0.0,12.83,672.25,0.0
2019-03-15 22:07:00,906.24,0.0,12.71,661.04,0.0
2019-03-15 22:08:00,912.55,0.0,12.605,670.23,0.0
2019-03-15 22:09:00,914.31,0.0,12.91,663.2,0.0
2019-03-15 22:10:00,885.715,0.0,12.805,647.74,0.0
2019-03-15 22:11:00,909.44,0.0,13.01,661.975,0.0
2019-03-15 22:12:00,934.8,0.0,18.15,663.83,0.0
2019-03-15 22:13:00,894.0,0.0,20.315,633.81,0.0
2019-03-15 22:14:00,863.205,0.0,18.705,633.11,0.0
2019-03-15 22:15:00,880.725,0.0,18.89,644.6,0.0
2019-03-15 22:16:00,889.4,0.0,22.245,648.2,0.0
2019-03-15 22:17:00,918.165,0.0,18.19,694.625,0.0
2019-03-15 22:18:00,898.565,0.0,16.725,677.165,0.0
2019-03-15 22:19:00,881.615,0.0,15.925,663.265,0.0
2019-03-15 22:20:00,901.315,0.0,16.13,689.73,0.0
2019-03-15 22:21:00,896.205,0.0,16.34,672.21,0.0
2019-03-15 22:22:00,869.975,0.0,16.52,679.175,0.0
2019-03-15 22:23:00,864.43,0.0,16.925,678.405,0.0
2019-03-15 22:24:00,873.735,0.0,17.23,682.83,0.0
2019-03-15 22:25:00,852.695,0.0,17.45,681.21,0.0
2019-03-15 22:26:00,871.74,0.0,17.45,690.23,0.0
2019-03-15 22:27:00,936.24,0.0,17.425,744.905,0.0
2019-03-15 22:28:00,956.26,0.0,17.54,773.53,0.0
2019-03-15 22:29:00,897.86,0.0,17.6,711.895,0.0
2019-03-15 22:30:00,904.415,0.0,17.625,722.525,0.0
2019-03-15 22:31:00,863.51,0.0,17.585,686.54,0.0
2019-03-15 22:32:00,876.285,0.0,17.605,687.79,0.0
2019-03-15 22:33:00,796.395,0.0,13.51,593.675,0.0
2019-03-15 22:34:00,792.22,0.0,13.215,605.77,0.0
2019-03-15 22:35:00,807.59,0.0,13.28,613.07,0.0
2019-03-15 22:36:00,794.68,0.0,13.42,599.71,0.0
2019-03-15 22:37:00,824.68,0.0,17.06,628.35,0.0
2019-03-15 22:38:00,839.49,0.0,17.185,625.0,0.0
2019-03-15 22:39:00,853.24,0.0,17.42,633.08,0.0
2019-03-15 22:40:00,836.31,0.0,20.02,614.445,0.0
2019-03-15 22:41:00,811.535,0.0,20.475,597.41,0.0
2019-03-15 22:42:00,822.445,0.0,20.68,604.365,0.0
2019-03-15 22:43:00,816.865,0.0,20.66,600.695,0.0
2019-03-15 22:44:00,827.84,0.0,21.04,605.255,0.0
2019-03-15 22:45:00,798.42,0.0,21.51,561.275,0.0
2019-03-15 22:46:00,804.64,0.0,21.89,593.47,0.0
2019-03-15 22:47:00,832.99,0.0,22.045,618.525,0.0
2019-03-15 22:48:00,855.62,0.0,21.99,636.09,0.0
2019-03-15 22:49:00,882.215,0.0,22.33,661.865,0.0
2019-03-15 22:50:00,847.395,0.0,22.745,634.45,0.0
2019-03-15 22:51:00,847.97,0.0,22.86,628.52,0.0
2019-03-15 22:52:00,876.03,0.0,25.265,639.09,0.0
2019-03-15 22:53:00,838.34,0.0,21.815,603.78,0.0
2019-03-15 22:54:00,863.1,0.0,21.775,641.085,0.0
2019-03-15 22:55:00,903.395,0.0,21.965,670.505,0.0
2019-03-15 22:56:00,864.535,0.0,24.72,608.49,0.0
2019-03-15 22:57:00,873.045,0.0,24.905,621.625,0.0
2019-03-15 22:58:00,861.55,0.0,25.26,600.265,0.0
2019-03-15 22:59:00,808.065,0.0,25.575,575.11,0.0
2019-03-15 23:00:00,829.85,0.0,28.655,597.545,0.0
2019-03-15 23:01:00,805.23,0.0,28.635,579.51,0.0
2019-03-15 23:02:00,803.655,0.0,29.105,567.68,0.0
2019-03-15 23:03:00,828.2,0.0,29.525,580.57,0.0
2019-03-15 23:04:00,829.375,0.0,29.65,589.305,0.0
2019-03-15 23:05:00,790.94,0.0,32.775,558.37,0.0
2019-03-15 23:06:00,738.005,0.0,33.165,519.855,0.0
2019-03-15 23:07:00,766.31,0.0,31.79,537.42,0.0
2019-03-15 23:08:00,785.115,0.0,31.7,534.925,0.0
2019-03-15 23:09:00,771.895,0.0,32.165,532.265,0.0
2019-03-15 23:10:00,749.955,0.0,32.56,518.865,0.0
2019-03-15 23:11:00,755.46,0.0,28.7,517.285,0.0
2019-03-15 23:12:00,754.425,0.0,28.43,515.995,0.0
2019-03-15 23:13:00,744.64,0.0,28.485,505.645,0.0
2019-03-15 23:14:00,768.715,0.0,36.98,522.625,4.405
2019-03-15 23:15:00,756.295,0.0,32.445,507.32,2.22
2019-03-15 23:16:00,787.315,0.0,31.385,530.365,0.14
2019-03-15 23:17:00,789.93,0.0,31.355,527.135,0.07
2019-03-15 23:18:00,814.305,0.0,31.785,540.24,0.045
2019-03-15 23:19:00,801.54,0.0,34.84,547.03,0.035
2019-03-15 23:20:00,802.445,0.0,41.06,553.065,0.025
2019-03-15 23:21:00,777.395,0.0,41.745,533.14,0.02
2019-03-15 23:22:00,781.165,0.0,41.955,527.285,0.0
2019-03-15 23:23:00,752.42,0.0,42.58,495.295,0.0
2019-03-15 23:24:00,761.58,0.0,38.155,523.65,0.0
2019-03-15 23:25:00,713.62,0.0,34.41,494.805,0.0
2019-03-15 23:26:00,695.88,0.0,34.53,477.395,0.0
2019-03-15 23:27:00,700.21,0.0,34.695,473.745,0.0
2019-03-15 23:28:00,710.31,0.0,34.97,472.565,0.0
2019-03-15 23:29:00,730.15,0.0,43.685,489.31,4.45
2019-03-15 23:30:00,703.47,0.0,36.15,476.85,0.245
2019-03-15 23:31:00,697.31,0.0,31.775,468.89,0.095
2019-03-15 23:32:00,732.195,0.0,31.84,492.635,0.055
2019-03-15 23:33:00,743.745,0.0,32.165,500.545,0.04
2019-03-15 23:34:00,741.395,0.0,32.21,494.69,0.03
2019-03-15 23:35:00,745.065,0.0,32.48,489.025,0.025
2019-03-15 23:36:00,750.615,0.0,32.575,493.27,0.02
2019-03-15 23:37:00,800.16,0.0,28.19,536.195,0.0
2019-03-15 23:38:00,809.05,0.0,30.645,543.895,0.0
2019-03-15 23:39:00,832.35,0.0,30.9,561.82,0.0
2019-03-15 23:40:00,836.92,0.0,30.955,578.72,0.0
2019-03-15 23:41:00,801.105,0.0,33.38,548.53,0.0
2019-03-15 23:42:00,812.395,0.0,25.445,569.115,0.0
2019-03-15 23:43:00,785.405,0.0,25.39,574.265,0.0
2019-03-15 23:44:00,780.335,0.0,26.05,559.2,0.0
2019-03-15 23:45:00,736.83,0.0,26.165,535.365,0.0
2019-03-15 23:46:00,697.485,0.0,26.575,515.205,0.0
2019-03-15 23:47:00,711.655,0.0,26.73,517.375,0.0
2019-03-15 23:48:00,701.845,0.0,29.555,495.665,0.0
2019-03-15 23:49:00,689.15,0.0,29.76,475.855,0.0
2019-03-15 23:50:00,678.365,0.0,30.28,468.22,0.0
2019-03-15 23:51:00,685.34,0.0,31.035,473.665,0.0
2019-03-15 23:52:00,661.31,0.0,31.36,443.19,0.115
2019-03-15 23:53:00,649.515,0.0,31.575,434.195,0.115
2019-03-15 23:54:00,630.255,0.0,31.73,421.045,0.115
2019-03-15 23:55:00,637.895,0.0,31.735,418.145,0.115
2019-03-15 23:56:00,652.1,0.0,31.955,416.685,0.115
2019-03-15 23:57:00,653.26,0.0,32.475,402.39,0.115
2019-03-15 23:58:00,668.19,0.0,32.465,412.645,0.105
2019-03-15 23:59:00,659.68,0.0,32.455,419.45,0.085
